30	299
45	299
52	299
57	299
65	299
70	299
75	299
80	299
87	300
110	299
115	299
117	299
122	298
125	298
127	298
132	298
135	298
137	298
140	297
145	296
147	295
150	294
152	294
155	294
160	294
162	294
165	294
167	294
170	294
172	294
175	295
177	294
180	293
182	293
185	293
185	293
187	292
190	292
192	292
192	292
195	291
197	291
200	290
202	289
202	289
205	289
207	289
210	289
210	289
212	289
215	289
217	289
220	289
222	288
225	287
227	286
230	285
230	285
232	285
232	285
235	285
237	285
237	285
240	284
242	283
245	283
247	282
247	281
250	281
252	281
255	281
257	280
257	280
260	280
262	280
262	280
265	279
267	279
267	279
270	278
272	278
272	278
275	277
277	276
277	275
280	275
282	275
285	275
285	274
287	274
287	274
290	275
292	274
292	274
295	273
297	274
297	274
300	273
302	272
302	271
305	270
307	270
307	270
310	270
312	270
312	270
315	270
317	269
317	269
320	269
320	268
322	268
325	268
325	268
327	267
330	267
330	267
335	267
337	267
337	268
340	268
342	268
342	269
345	268
347	268
347	267
350	267
350	267
352	267
355	267
357	266
357	266
360	266
362	266
362	266
365	266
372	266
375	266
377	266
382	266
385	266
387	267
390	267
392	267
395	266
397	267
400	267
402	266
402	265
405	265
407	266
410	266
412	266
412	266
415	266
417	266
417	265
420	264
422	264
425	263
425	263
427	263
430	263
430	263
432	263
435	262
435	262
437	262
437	261
440	261
442	261
442	261
445	261
445	261
447	261
450	262
450	262
452	263
455	264
457	263
457	263
460	263
465	263
465	263
467	263
467	263
470	263
472	263
472	263
475	263
477	264
477	264
480	263
482	263
482	263
485	263
487	263
487	263
490	263
492	263
492	263
495	263
495	263
497	263
500	263
500	263
502	263
502	263
505	263
507	263
507	263
510	263
512	262
512	261
515	260
517	260
517	260
520	260
522	260
525	260
525	260
530	261
530	260
532	260
535	260
537	259
540	259
542	259
542	260
545	260
547	260
547	260
550	260
552	261
552	260
555	260
555	260
557	261
560	260
560	260
562	261
565	261
565	262
567	263
570	262
570	262
575	261
577	261
577	261
580	261
580	261
582	261
585	261
585	260
587	261
590	261
592	260
592	260
595	261
597	260
600	260
602	260
605	260
607	260
610	260
612	260
615	261
617	260
620	261
620	261
622	260
625	261
627	260
630	260
632	259
635	259
637	259
640	260
640	260
642	260
645	260
647	260
650	260
652	260
652	260
655	259
657	259
660	259
660	258
662	257
665	257
665	257
667	257
670	257
670	257
672	256
672	256
675	256
677	255
677	255
680	254
682	255
682	254
685	253
685	252
687	252
690	252
690	252
692	252
695	252
695	251
697	250
697	250
700	250
702	250
705	250
707	252
710	252
712	251
715	250
717	250
717	250
720	250
722	249
725	249
727	249
727	249
730	249
732	249
735	248
735	247
737	247
740	248
742	249
745	249
745	249
747	249
750	248
752	248
755	247
755	247
757	247
760	247
762	247
765	247
767	247
770	246
770	245
772	246
775	246
777	246
780	246
782	244
785	243
787	243
787	243
790	242
792	243
795	242
797	241
800	241
802	241
805	242
805	241
807	241
810	241
812	241
815	240
817	239
817	239
820	239
822	238
825	236
827	235
830	235
835	235
837	236
837	236
840	236
842	236
842	236
845	236
847	236
847	237
852	236
852	236
855	237
857	236
857	235
860	235
862	235
862	235
865	235
867	234
867	233
870	234
872	233
875	233
875	233
877	233
880	234
882	234
885	234
887	233
890	233
892	233
892	233
895	233
897	233
900	233
902	233
902	232
905	232
907	232
907	232
910	231
912	231
912	231
915	231
915	231
917	231
917	230
920	229
922	229
922	229
925	228
927	228
927	229
930	229
930	229
932	228
935	227
935	227
937	226
937	226
940	226
942	226
942	227
945	228
947	228
947	228
950	227
950	227
952	227
955	227
955	227
957	227
960	227
960	227
962	227
965	227
965	226
967	226
967	226
970	226
972	226
972	226
975	226
977	226
977	225
980	224
980	223
982	223
982	222
985	221
987	221
987	221
990	221
992	221
992	221
995	220
995	220
997	220
1000	219
1000	219
1002	220
1005	220
1007	220
1012	220
1015	220
1017	220
1020	220
1022	220
1025	219
1027	219
1027	219
1030	218
1032	217
1035	217
1037	217
1040	216
1040	217
1042	218
1045	218
1045	218
1047	220
1050	220
1052	219
1055	220
1055	221
1057	220
1060	220
1060	220
1062	221
1065	221
1067	220
1070	219
1070	219
1072	219
1075	218
1075	218
1077	218
1080	218
1082	218
1082	219
1085	219
1087	218
1090	218
1092	218
1095	218
1097	218
1097	219
1100	218
1102	218
1105	217
1105	217
1107	217
1110	217
1112	216
1115	216
1117	216
1120	215
1122	215
1122	215
1125	215
1127	215
1127	214
1130	214
1132	214
1132	214
1135	214
1137	214
1140	214
1142	213
1142	213
1145	212
1147	211
1147	211
1150	211
1152	211
1152	210
1155	210
1155	209
1157	210
1160	210
1160	209
1162	209
1162	208
1165	208
1167	209
1167	209
1170	209
1170	209
1172	209
1175	210
1175	210
1177	211
1177	212
1180	212
1182	212
1182	212
1185	212
1185	210
1187	210
1187	210
1190	210
1192	211
1192	211
1195	211
1195	210
1197	209
1200	209
1202	209
1202	209
1205	209
1207	209
1207	208
1210	207
1210	207
1212	207
1215	207
1215	206
1217	207
1217	207
1220	206
1222	206
1225	206
1227	206
1227	206
1230	206
1230	206
1232	206
1235	208
1235	208
1237	207
1237	207
1240	208
1242	208
1242	208
1245	209
1245	210
1247	210
1250	210
1250	210
1252	210
1252	210
1255	210
1257	209
1257	209
1260	209
1262	209
1262	208
1265	208
1267	208
1267	208
1270	208
1270	207
1272	207
1275	207
1275	207
1277	208
1277	208
1280	209
1282	208
1282	207
1285	207
1285	207
1287	207
1290	208
1292	208
1295	208
1297	208
1300	208
1302	208
1305	208
1305	207
1307	207
1307	206
1310	206
1312	206
1315	207
1317	207
1320	207
1322	207
1325	207
1327	207
1330	207
1332	206
1335	206
1337	206
1340	206
1342	205
1345	206
1347	207
1350	208
1352	208
1355	208
1357	208
1360	208
1362	209
1365	208
1367	208
1370	208
1372	208
1375	208
1377	209
1380	209
1382	209
1385	209
1387	209
1387	209
1390	209
1392	208
1395	208
1397	208
1397	208
1400	207
1402	208
1402	208
1405	207
1407	207
1410	207
1412	206
1412	206
1415	206
1417	206
1420	206
1420	206
1422	206
1425	206
1427	205
1427	205
1430	205
1432	205
1435	205
1435	206
1437	206
1440	206
1440	206
1442	206
1445	206
1447	206
1447	206
1450	206
1452	206
1452	206
1455	206
1457	206
1460	205
1460	205
1462	205
1465	205
1467	205
1467	205
1470	205
1472	205
1472	205
1475	205
1477	205
1480	205
1480	205
1482	205
1485	205
1485	204
1487	202
1490	203
1492	203
1492	203
1495	203
1497	204
1500	204
1502	204
1502	205
1505	205
1507	205
1507	205
1510	204
1512	204
1515	204
1515	204
1517	204
1520	204
1520	204
1522	204
1525	203
1527	203
1527	203
1530	203
1532	203
1535	202
1535	202
1537	202
1540	201
1540	200
1542	200
1545	202
1547	203
1550	203
1552	205
1555	206
1557	206
1557	206
1560	206
1562	206
1562	205
1565	205
1567	205
1570	205
1572	203
1575	203
1575	203
1577	203
1580	204
1582	204
1585	203
1587	203
1587	203
1590	203
1592	202
1595	202
1597	201
1600	201
1602	200
1602	200
1605	200
1607	200
1610	200
1612	200
1615	199
1617	199
1620	199
1620	199
1622	198
1625	198
1627	198
1627	198
1630	197
1630	196
1632	196
1635	197
1635	197
1637	196
1637	196
1640	196
1642	196
1642	196
1645	196
1645	196
1647	197
1650	197
1650	197
1652	197
1652	197
1655	197
1657	196
1657	196
1660	196
1660	198
1662	198
1665	197
1665	197
1667	197
1667	197
1670	197
1672	197
1675	197
1677	197
1677	197
1680	198
1680	199
1682	198
1685	199
1685	199
1687	198
1687	198
1690	198
1690	197
1692	196
1695	196
1695	196
1697	197
1697	197
1700	195
1702	195
1702	195
1705	195
1707	194
1707	194
1710	194
1710	194
1712	193
1715	193
1715	193
1717	193
1720	193
1720	193
1722	193
1722	193
1725	193
1730	193
1730	193
1732	194
1735	193
1735	192
1737	192
1737	191
1740	192
1740	193
1742	193
1745	193
1745	193
1747	193
1747	194
1750	193
1752	193
1752	193
1755	193
1757	193
1757	193
1760	193
1760	193
1762	193
1765	192
1765	192
1767	192
1767	192
1770	193
1772	193
1772	195
1775	195
1777	194
1777	194
1780	194
1780	194
1782	193
1785	193
1787	193
1790	193
1792	193
1795	194
1797	194
1800	194
1802	193
1805	193
1807	193
1810	193
1810	193
1812	193
1815	193
1815	193
1817	192
1817	192
1820	191
1822	192
1825	192
1827	191
1827	191
1830	192
1832	191
1832	191
1835	191
1837	191
1837	191
1840	191
1842	191
1845	192
1847	192
1847	192
1850	192
1852	189
1852	189
1855	189
1857	189
1857	189
1860	188
1860	188
1862	188
1865	188
1865	188
1867	188
1870	188
1870	188
1872	189
1872	189
1875	189
1877	189
1877	189
1880	189
1882	188
1882	188
1885	187
1887	187
1887	187
1890	187
1890	187
1892	187
1895	187
1895	187
1897	187
1900	187
1900	188
1902	188
1905	188
1905	189
1907	189
1910	189
1910	188
1912	188
1915	189
1915	190
1917	190
1920	190
1920	189
1922	189
1925	187
1925	187
1927	187
1927	187
1930	187
1932	187
1932	187
1935	187
1937	187
1937	186
1940	186
1942	186
1942	187
1945	188
1947	188
1947	188
1950	189
1952	189
1952	189
1955	189
1957	189
1960	189
1960	188
1962	188
1965	188
1965	187
1967	187
1970	187
1972	188
1972	188
1975	188
1977	189
1977	189
1980	190
1982	190
1982	191
1985	191
1987	190
1990	190
1990	190
1992	191
1995	191
1995	191
1997	191
2000	191
2000	190
2002	190
2005	190
2005	190
2007	191
2010	191
2010	192
2012	192
2015	192
2015	192
2017	192
2020	192
2022	192
2025	192
2025	192
2027	192
2030	192
2032	192
2035	192
2037	191
2040	191
2042	191
2045	190
2045	189
2047	189
2050	190
2052	190
2055	190
2055	190
2057	190
2057	191
2060	191
2062	192
2065	191
2067	190
2070	190
2070	189
2072	189
2075	189
2077	189
2080	189
2080	188
2082	188
2085	189
2087	189
2090	189
2092	190
2095	190
2095	189
2097	189
2100	187
2100	188
2102	188
2105	188
2105	188
2107	188
2110	189
2110	188
2112	188
2115	188
2115	189
2117	188
2120	188
2120	187
2122	187
2125	187
2127	187
2127	187
2130	187
2132	187
2132	187
2135	187
2137	187
2137	187
2140	187
2142	187
2145	187
2145	187
2147	187
2150	187
2152	187
2155	187
2155	187
2157	186
2160	186
2162	186
2162	186
2165	186
2167	186
2170	186
2170	187
2172	187
2175	187
2177	187
2177	187
2180	188
2182	188
2182	187
2185	186
2187	186
2187	186
2190	187
2192	187
2195	186
2197	186
2200	186
2202	186
2202	187
2205	187
2207	187
2210	187
2212	187
2212	187
2215	187
2217	186
2220	186
2220	186
2222	186
2225	186
2227	186
2227	187
2230	187
2232	187
2235	187
2235	187
2237	188
2240	188
2240	188
2242	188
2245	187
2245	187
2247	187
2250	187
2252	187
2255	187
2257	187
2260	186
2262	184
2262	183
2265	183
2267	182
2270	182
2272	182
2275	182
2277	184
2280	184
2280	183
2282	183
2285	182
2287	182
2290	182
2290	182
2292	182
2295	182
2297	182
2297	182
2300	182
2302	183
2305	184
2307	184
2310	184
2310	184
2312	184
2315	183
2315	183
2317	183
2320	184
2320	183
2322	183
2325	183
2327	182
2327	182
2330	180
2330	180
2332	180
2335	180
2335	180
2337	180
2337	180
2340	181
2342	181
2342	180
2345	180
2347	180
2347	179
2350	180
2350	180
2352	180
2355	180
2355	180
2357	180
2357	180
2360	180
2362	179
2362	179
2365	179
2367	179
2367	179
2370	179
2370	179
2372	180
2375	179
2377	179
2380	179
2380	178
2382	178
2385	178
2385	178
2387	177
2390	177
2390	177
2392	178
2395	178
2395	178
2397	178
2397	178
2400	178
2402	178
2402	178
2405	178
2407	178
2407	178
2410	178
2412	178
2412	178
2415	178
2417	177
2417	177
2420	176
2420	176
2422	176
2425	176
2425	176
2427	177
2430	178
2430	178
2432	178
2435	178
2437	178
2437	178
2440	178
2440	178
2442	178
2445	178
2445	178
2447	178
2447	178
2450	178
2452	178
2452	178
2455	177
2455	177
2457	176
2460	176
2460	176
2462	176
2465	176
2465	177
2467	177
2470	177
2470	177
2472	177
2475	177
2477	177
2477	177
2480	177
2482	177
2485	177
2487	177
2487	177
2490	177
2492	177
2495	178
2495	177
2497	177
2500	177
2500	177
2502	176
2505	176
2505	176
2507	176
2510	176
2512	176
2515	175
2517	175
2520	175
2522	175
2525	175
2527	175
2530	175
2532	175
2535	176
2535	176
2537	176
2540	176
2542	176
2542	176
2545	177
2547	178
2550	178
2550	177
2552	177
2555	177
2557	177
2560	176
2562	176
2565	176
2567	176
2570	176
2570	176
2572	176
2575	177
2575	177
2577	177
2580	177
2582	177
2582	177
2585	178
2587	178
2587	179
2590	178
2590	178
2592	178
2595	178
2597	179
2597	179
2600	179
2602	179
2602	179
2605	179
2607	179
2607	179
2610	179
2612	179
2612	179
2615	179
2617	177
2617	177
2620	178
2622	179
2625	178
2627	178
2630	178
2632	179
2632	180
2635	180
2637	180
2637	180
2640	180
2642	180
2645	181
2645	181
2647	181
2650	182
2650	181
2652	181
2655	181
2655	181
2657	180
2657	179
2660	179
2662	177
2665	177
2665	177
2667	176
2667	176
2670	177
2672	177
2672	177
2675	178
2677	177
2677	177
2680	177
2682	176
2685	176
2685	177
2687	177
2690	177
2690	177
2692	177
2695	177
2695	177
2697	177
2697	177
2700	177
2702	178
2702	179
2705	178
2705	178
2707	178
2710	178
2710	179
2712	180
2715	180
2715	179
2717	179
2720	179
2720	179
2722	179
2725	180
2725	180
2727	180
2727	180
2730	180
2732	180
2732	180
2735	180
2735	180
2737	179
2740	179
2742	178
2745	178
2747	178
2750	179
2752	180
2755	182
2757	181
2760	181
2762	181
2767	181
2770	181
2772	181
2775	181
2775	181
2777	181
2780	181
2782	180
2785	181
2787	180
2787	180
2790	179
2792	177
2795	176
2797	176
2797	176
2800	177
2802	177
2805	177
2805	177
2807	177
2810	177
2812	179
2812	178
2815	178
2817	177
2817	177
2820	178
2822	178
2825	179
2825	180
2830	180
2832	180
2837	180
2840	181
2845	180
2847	180
2852	179
2855	179
2855	179
2857	179
2860	179
2862	179
2865	179
2867	179
2870	178
2872	177
2875	177
2875	177
2880	179
2882	179
2885	177
2892	177
2895	177
2897	177
2900	177
2902	177
2905	178
2905	179
2907	178
2910	178
2912	178
2915	178
2917	179
2920	179
2920	179
2922	179
2925	179
2927	179
2930	179
2930	178
2932	178
2932	179
2935	179
2937	180
2937	180
2940	180
2942	179
2942	179
2945	179
2947	179
2950	179
2950	181
2952	181
2955	181
2955	180
2957	179
2957	179
2960	179
2962	179
2965	179
2965	180
2967	179
2967	179
2970	179
2972	179
2972	179
2975	179
2975	179
2977	178
2980	178
2982	178
2985	178
2985	176
2987	176
2990	177
2990	176
2992	176
2995	176
2995	176
2997	177
3000	177
3000	177
3002	177
3002	177
3005	178
3007	178
3007	178
3010	178
3012	177
3012	177
3015	179
3015	179
3017	179
3017	179
3020	180
3022	180
3022	180
3025	181
3025	181
3027	181
3030	181
3032	182
3032	181
3035	181
3035	181
3037	181
3040	181
3042	182
3045	182
3047	182
3050	182
3050	184
3052	184
3055	184
3057	184
3060	184
3062	184
3062	184
3065	184
3067	184
3070	184
3072	185
3075	183
3077	183
3080	183
3085	183
3085	183
3090	183
3092	182
3095	182
3097	182
3100	182
3102	182
3105	184
3107	184
3110	185
3112	185
3115	183
3115	183
3117	183
3117	182
3120	181
3122	181
3122	181
3125	181
3125	182
3127	182
3130	182
3130	182
3132	182
3132	182
3135	182
3137	182
3137	180
3140	180
3140	179
3142	179
3145	180
3145	180
3147	180
3147	180
3150	180
3152	180
3152	180
3155	181
3155	181
3157	181
3160	181
3160	180
3162	180
3165	179
3165	179
3167	179
3170	179
3170	179
3172	179
3172	179
3175	179
3177	179
3177	179
3180	178
3180	178
3182	178
3185	178
3185	178
3187	179
3187	179
3190	179
3192	179
3192	179
3195	179
3197	180
3197	180
3200	180
3200	180
3202	180
3205	180
3205	180
3207	178
3207	178
3210	177
3212	177
3212	176
3215	176
3217	176
3217	176
3220	176
3220	176
3225	176
3225	176
3227	176
3230	176
3230	176
3232	176
3235	176
3235	176
3237	177
3237	177
3240	177
3242	177
3242	177
3245	177
3245	177
3247	177
3250	176
3250	176
3252	175
3252	175
3255	174
3257	175
3257	175
3260	174
3262	175
3262	175
3265	175
3265	175
3267	175
3270	174
3270	174
3272	173
3275	173
3275	175
3280	175
3282	176
3285	178
3287	178
3290	178
3292	178
3295	178
3297	179
3300	179
3302	181
3305	181
3307	181
3310	181
3312	182
3312	182
3315	182
3317	182
3317	182
3320	182
3322	182
3325	183
3327	183
3327	182
3330	184
3332	184
3332	185
3335	184
3337	184
3340	184
3342	184
3342	184
3345	182
3347	183
3347	182
3350	182
3350	182
3352	182
3355	182
3355	182
3357	182
3360	182
3360	182
3362	181
3365	180
3365	180
3367	180
3367	180
3370	179
3372	178
3372	177
3375	178
3377	178
3380	177
3380	176
3382	176
3385	174
3385	173
3387	173
3387	172
3390	171
3392	171
3392	171
3395	170
3395	172
3397	171
3400	172
3402	172
3405	171
3405	172
3407	171
3407	171
3410	171
3412	172
3412	173
3415	173
3417	173
3417	173
3420	173
3422	173
3422	173
3425	172
3425	171
3427	170
3430	170
3430	170
3432	170
3432	170
3435	170
3435	170
3437	169
3440	169
3440	171
3442	171
3442	171
3445	171
3447	172
3447	172
3450	172
3452	172
3452	170
3455	169
3457	169
3457	169
3460	169
3462	169
3462	169
3465	169
3467	169
3467	170
3470	169
3470	169
3472	169
3475	169
3475	169
3477	169
3477	169
3480	169
3482	169
3482	169
3485	169
3485	169
3487	169
3490	168
3490	169
3492	170
3495	170
3495	170
3497	168
3500	168
3500	168
3502	168
3502	167
3505	168
3507	168
3507	167
3510	167
3512	167
3512	167
3515	168
3517	168
3520	168
3522	168
3525	168
3525	167
3527	167
3530	167
3532	167
3535	167
3537	167
3540	167
3542	167
3545	167
3547	168
3550	168
3552	168
3552	168
3555	166
3557	166
3560	166
3562	166
3565	167
3565	167
3567	167
3570	167
3572	167
3575	167
3575	168
3577	168
3580	168
3580	168
3582	168
3585	168
3585	168
3587	168
3590	167
3590	167
3592	167
3595	167
3595	167
3597	167
3597	169
3600	169
3602	170
3602	170
3605	170
3605	170
3607	169
3610	170
3610	170
3612	171
3615	171
3615	171
3617	171
3617	172
3620	172
3622	172
3622	172
3625	172
3627	173
3627	173
3630	174
3630	174
3632	174
3635	174
3635	174
3637	174
3640	175
3642	175
3642	175
3645	175
3645	175
3647	175
3650	175
3650	174
3652	174
3655	174
3655	174
3657	173
3660	174
3660	173
3662	173
3662	173
3665	172
3667	171
3670	171
3672	171
3672	171
3675	171
3675	170
3677	170
3680	169
3680	169
3682	170
3682	170
3685	170
3687	170
3687	170
3690	170
3692	170
3692	170
3695	169
3695	168
3697	168
3700	167
3702	167
3702	167
3705	166
3705	166
3707	166
3707	166
3710	166
3712	166
3712	166
3715	166
3717	166
3717	166
3720	166
3720	166
3722	166
3725	166
3725	166
3727	166
3727	166
3730	167
3732	167
3732	167
3735	167
3735	167
3737	168
3740	168
3740	168
3742	168
3745	168
3745	168
3747	168
3750	168
3752	167
3752	167
3755	167
3757	166
3760	166
3762	165
3765	165
3767	165
3770	165
3772	165
3772	165
3775	166
3777	165
3780	165
3782	165
3785	166
3787	166
3787	166
3790	167
3792	166
3795	167
3797	168
3797	168
3800	168
3802	169
3805	169
3807	169
3808	169
3810	169
3812	169
3814	169
3816	169
3819	170
3821	170
3822	170
3824	170
3826	170
3827	170
3829	170
3831	168
3832	168
3834	168
3835	168
3837	167
3839	167
3840	167
3842	167
3843	166
3845	167
3846	167
3848	166
3849	166
3851	166
3853	166
3854	166
3856	167
3857	168
3859	169
3861	169
3862	169
3864	169
3865	168
3867	168
3869	167
3870	167
3872	167
3874	166
3876	168
3877	168
3879	168
3881	168
3883	168
3885	168
3886	168
3888	168
3889	168
3891	168
3893	168
3894	168
3896	168
3897	168
3899	167
3901	167
3902	165
3904	163
3905	162
3907	162
3908	163
3910	164
3912	164
3913	164
3915	164
3916	165
3918	165
3920	165
3921	165
3923	164
3924	164
3926	165
3927	165
3929	165
3931	165
3936	165
3937	166
3939	167
3941	166
3942	165
3944	164
3946	164
3947	164
3949	164
3951	164
3952	164
3954	165
3956	166
3958	166
3959	166
3961	165
3963	165
3965	165
3967	165
3969	165
3971	164
3973	164
3975	165
3977	166
3979	166
3981	167
3983	167
3985	167
3986	168
3988	168
3991	168
3993	168
3995	168
3998	168
4001	168
4004	168
4007	168
4011	168
4014	168
4017	168
4020	166
4023	166
4026	166
4028	166
4030	166
4033	166
4036	166
4039	166
4042	166
4044	166
4046	168
4051	168
4054	166
4057	166
4059	165
4061	165
4066	166
4069	166
4071	166
4073	167
4075	167
4078	167
4081	167
4083	166
4085	166
4087	168
4089	168
4091	168
4093	168
4095	168
4098	168
4100	167
4102	167
4104	167
4106	168
4106	168
4108	168
4111	168
4113	168
4116	168
4116	168
4118	168
4121	168
4121	168
4123	168
4126	168
4128	168
4128	168
4131	168
4131	167
4133	168
4136	168
4136	168
4138	168
4141	168
4141	167
4143	167
4143	167
4146	166
4148	166
4151	166
4151	166
4153	166
4156	166
4158	166
4158	164
4161	164
4163	164
4166	163
4166	164
4168	164
4171	164
4171	164
4173	164
4176	165
4176	165
4178	164
4181	164
4183	164
4183	164
4186	163
4186	163
4188	163
4191	163
4191	163
4193	164
4196	164
4196	164
4198	164
4201	164
4201	165
4203	165
4206	164
4206	164
4208	164
4211	164
4211	164
4213	164
4216	164
4218	164
4218	163
4221	163
4223	163
4223	163
4226	163
4228	163
4231	163
4233	162
4236	162
4238	162
4241	162
4243	162
4246	162
4248	162
4251	162
4253	164
4256	163
4258	161
4261	161
4263	162
4266	164
4268	163
4271	164
4273	164
4276	164
4278	164
4281	164
4283	164
4286	164
4288	164
4291	163
4293	162
4298	162
4301	162
4303	161
4306	162
4306	162
4308	162
4311	162
4313	162
4316	162
4318	163
4318	163
4321	163
4323	163
4326	163
4326	163
4328	163
4331	163
4331	163
4333	163
4336	163
4336	163
4338	163
4341	163
4343	164
4343	164
4346	164
4348	164
4351	164
4351	166
4353	168
4356	168
4356	168
4358	168
4361	168
4361	168
4363	167
4366	167
4366	166
4368	166
4371	166
4371	166
4373	166
4376	167
4376	166
4378	166
4381	166
4383	166
4386	165
4386	164
4388	165
4391	165
4391	165
4393	166
4396	165
4398	165
4398	165
4401	165
4403	165
4403	165
4406	165
4408	165
4411	165
4411	165
4413	165
4416	164
4418	164
4421	164
4423	164
4423	164
4426	164
4428	163
4431	163
4433	164
4436	164
4436	165
4438	166
4441	166
4441	166
4443	166
4446	166
4446	166
4448	166
4451	166
4451	166
4453	166
4456	166
4458	166
4468	166
4468	166
4471	166
4471	166
4473	166
4476	168
4476	168
4478	169
4481	169
4481	168
4483	168
4486	168
4486	169
4488	169
4491	169
4491	168
4493	168
4496	168
4496	168
4498	168
4501	168
4501	168
4503	168
4503	168
4506	168
4508	168
4508	168
4511	168
4513	168
4513	168
4516	168
4518	169
4521	169
4523	169
4526	170
4528	170
4531	171
4533	172
4536	170
4538	170
4538	170
4541	170
4543	170
4546	170
4548	170
4551	170
4553	170
4556	171
4558	170
4558	170
4561	170
4563	170
4566	170
4566	170
4568	170
4571	170
4573	170
4576	170
4578	170
4581	170
4583	170
4586	171
4586	171
4588	171
4591	171
4591	170
4593	170
4596	170
4596	170
4598	170
4601	169
4601	169
4603	169
4606	170
4606	172
4608	172
4611	170
4613	170
4613	171
4616	171
4618	171
4621	171
4621	172
4623	172
4623	171
4626	171
4628	170
4631	170
4631	170
4633	170
4636	170
4636	170
4638	170
4641	170
4641	170
4643	170
4646	170
4646	170
4648	170
4651	171
4651	171
4653	171
4656	172
4656	172
4658	172
4658	173
4661	173
4663	173
4663	172
4666	172
4666	172
4668	172
4671	171
4671	171
4673	170
4673	170
4676	169
4678	169
4678	169
4681	169
4683	169
4683	169
4686	169
4686	169
4688	168
4691	168
4691	167
4693	167
4693	167
4696	167
4698	167
4698	168
4701	168
4703	168
4703	168
4706	168
4706	168
4708	167
4711	167
4711	167
4713	168
4716	168
4718	168
4721	168
4721	168
4723	168
4723	168
4726	168
4728	168
4728	168
4731	168
4733	168
4733	169
4736	169
4738	169
4738	169
4741	169
4741	169
4743	169
4743	170
4746	170
4748	171
4748	171
4751	171
4753	172
4753	172
4756	172
4756	170
4758	169
4761	169
4761	169
4763	169
4763	169
4766	169
4768	169
4768	168
4771	168
4773	168
4773	168
4776	168
4778	168
4778	168
4781	169
4783	169
4786	169
4788	169
4791	169
4793	170
4796	170
4796	171
4798	171
4801	169
4803	168
4806	168
4806	169
4811	168
4813	168
4816	168
4816	167
4818	167
4821	167
4823	167
4823	167
4826	167
4828	168
4831	168
4831	168
4833	167
4836	167
4836	167
4838	166
4841	166
4841	165
4843	166
4846	166
4846	166
4848	166
4851	166
4853	166
4853	166
4856	167
4858	167
4858	167
4861	166
4863	166
4863	166
4866	166
4868	166
4868	166
4871	166
4871	166
4873	166
4876	167
4876	167
4878	167
4881	166
4881	166
4883	166
4883	165
4886	163
4888	163
4888	163
4891	163
4891	164
4893	165
4896	165
4896	165
4898	166
4901	166
4901	166
4906	167
4906	167
4908	167
4908	167
4911	167
4913	167
4913	167
4916	167
4918	167
4918	167
4921	167
4921	167
4923	167
4926	168
4926	168
4928	168
4928	168
4931	167
4933	167
4933	168
4936	168
4938	167
4938	167
4941	167
4941	167
4943	166
4946	163
4946	163
4948	163
4948	163
4951	163
4953	163
4953	165
4958	165
4958	165
4961	165
4963	165
4963	166
4966	166
4968	166
4968	166
4971	166
4971	164
4973	165
4976	165
4976	166
4978	166
4978	165
4981	166
4983	166
4983	166
4986	166
4986	166
4988	166
4991	165
4991	165
4993	164
4993	164
4996	164
4998	163
4998	162
5001	162
5003	162
5003	161
5006	161
5006	161
5008	162
5011	162
5011	161
5016	160
5018	159
5021	159
5023	159
5026	159
5031	159
5033	159
5036	160
5038	160
5041	160
5043	159
5046	159
5048	159
5051	159
5053	159
5053	159
5056	159
5058	158
5061	158
5063	158
5063	158
5066	158
5068	160
5071	161
5071	161
5073	161
5076	160
5076	160
5078	160
5081	160
5083	160
5086	159
5088	159
5088	160
5091	160
5093	159
5093	161
5096	161
5098	159
5098	158
5101	158
5101	158
5103	158
5106	157
5106	158
5108	158
5111	157
5111	157
5113	157
5113	156
5116	154
5118	154
5118	154
5121	154
5121	153
5123	153
5126	153
5126	153
5128	153
5131	153
5131	153
5133	152
5133	152
5136	152
5138	152
5141	152
5141	150
5143	150
5146	150
5146	149
5148	149
5148	149
5151	149
5153	149
5153	149
5156	149
5156	149
5158	148
5161	148
5161	148
5163	149
5166	149
5166	149
5168	149
5171	149
5171	149
5173	149
5173	150
5176	149
5176	149
5178	149
5181	149
5181	149
5183	149
5183	149
5186	148
5188	148
5188	149
5191	149
5193	149
5193	149
5196	149
5198	149
5198	148
5201	148
5201	149
5203	149
5206	150
5206	150
5208	150
5208	150
5211	150
5213	150
5213	150
5216	150
5216	150
5218	150
5221	150
5221	150
5223	151
5223	151
5226	151
5228	151
5228	151
5231	151
5233	151
5233	151
5236	152
5236	152
5238	152
5241	151
5241	151
5243	149
5246	150
5248	150
5251	151
5253	151
5256	151
5258	150
5261	150
5261	149
5263	149
5266	149
5268	150
5271	150
5273	150
5273	150
5276	150
5278	151
5278	152
5281	151
5283	151
5286	151
5288	151
5291	151
5291	152
5293	152
5296	152
5298	152
5301	152
5303	149
5306	148
5306	148
5308	148
5311	147
5313	147
5316	147
5316	147
5318	147
5321	147
5321	147
5323	147
5326	147
5326	148
5328	148
5331	149
5331	150
5333	150
5333	151
5336	151
5338	151
5338	150
5341	149
5341	150
5343	150
5346	150
5346	150
5348	150
5351	151
5351	151
5353	153
5353	153
5356	153
5356	153
5358	152
5361	152
5361	152
5363	152
5363	152
5366	150
5368	150
5371	150
5373	150
5373	150
5376	150
5376	150
5378	150
5381	150
5381	150
5383	150
5386	150
5386	150
5388	149
5391	149
5391	150
5393	150
5393	150
5396	150
5398	150
5398	150
5401	150
5401	150
5403	150
5406	150
5406	150
5408	150
5411	150
5411	150
5413	150
5413	150
5416	150
5416	151
5418	150
5421	150
5421	150
5423	151
5426	151
5426	151
5428	151
5431	150
5431	150
5433	149
5433	149
5436	151
5438	151
5438	152
5441	153
5443	155
5446	155
5446	157
5448	157
5448	157
5451	157
5453	157
5453	156
5456	156
5456	156
5458	155
5461	155
5461	154
5463	155
5463	156
5466	155
5468	155
5468	155
5471	154
5471	155
5473	155
5476	155
5476	155
5478	155
5481	155
5483	155
5486	155
5486	155
5488	155
5491	155
5491	156
5493	156
5496	156
5498	155
5503	155
5506	155
5506	155
5511	154
5513	154
5513	154
5516	154
5518	155
5518	155
5521	155
5523	155
5523	155
5526	155
5528	155
5528	155
5531	155
5533	156
5536	158
5538	159
5541	159
5543	159
5546	159
5546	159
5548	159
5551	160
5553	160
5556	161
5556	161
5558	160
5558	159
5561	159
5563	159
5563	158
5566	158
5566	158
5568	159
5571	159
5571	158
5573	158
5573	158
5576	158
5578	159
5578	158
5581	158
5581	158
5583	157
5586	157
5586	156
5588	154
5588	154
5591	154
5593	154
5593	154
5596	154
5598	154
5598	154
5601	154
5603	154
5603	154
5606	155
5606	154
5608	154
5611	154
5613	155
5613	155
5616	152
5616	152
5618	151
5621	150
5621	150
5623	149
5626	148
5626	148
5628	148
5628	148
5631	148
5633	148
5633	148
5636	148
5638	148
5638	148
5641	148
5641	148
5643	148
5646	148
5646	149
5648	149
5648	149
5651	150
5653	150
5653	151
5656	152
5656	152
5658	152
5661	152
5663	152
5663	152
5666	152
5668	152
5668	152
5671	152
5671	153
5673	153
5676	153
5676	153
5678	153
5678	153
5681	153
5683	153
5683	152
5686	152
5688	152
5688	152
5691	152
5691	153
5693	154
5696	156
5696	156
5698	156
5698	156
5701	156
5703	156
5703	156
5706	156
5708	157
5708	157
5711	157
5711	157
5713	157
5716	157
5718	155
5721	156
5723	156
5723	157
5728	157
5731	157
5731	157
5733	156
5736	156
5738	157
5741	157
5743	158
5746	159
5748	159
5751	159
5751	159
5753	159
5756	159
5758	158
5761	158
5761	158
5763	157
5766	157
5768	157
5771	157
5771	157
5773	157
5776	157
5776	157
5778	158
5781	158
5783	158
5783	158
5786	158
5788	158
5788	158
5791	158
5791	158
5793	158
5796	158
5796	157
5798	157
5798	157
5801	157
5803	156
5803	156
5806	156
5808	156
5808	156
5811	156
5811	156
5813	156
5816	156
5816	156
5818	156
5818	155
5821	155
5823	155
5823	155
5826	155
5826	155
5828	155
5831	155
5831	154
5833	154
5836	154
5836	152
5838	151
5841	151
5841	150
5843	150
5843	150
5846	151
5848	150
5848	150
5851	150
5851	150
5853	149
5856	150
5856	150
5858	149
5861	149
5861	149
5863	149
5863	150
5866	150
5868	151
5868	151
5871	152
5871	151
5873	151
5876	152
5876	152
5878	152
5878	152
5881	151
5883	152
5883	152
5886	152
5888	153
5888	153
5891	153
5893	154
5893	154
5896	154
5898	154
5898	154
5901	154
5901	154
5903	154
5906	154
5906	153
5908	153
5908	153
5911	152
5913	153
5913	152
5916	152
5918	152
5918	152
5921	151
5921	151
5923	151
5926	151
5926	150
5928	150
5931	150
5931	150
5933	150
5933	150
5936	150
5938	151
5938	151
5941	151
5943	152
5943	153
5946	153
5946	153
5951	152
5953	152
5956	152
5958	152
5961	152
5966	152
5968	152
5971	151
5973	151
5976	151
5976	151
5978	151
5981	150
5983	149
5986	149
5986	149
5988	149
5991	149
5993	149
5993	149
5996	149
5998	148
6001	148
6001	148
6003	149
6006	149
6008	149
6011	150
6013	150
6013	150
6016	151
6018	151
6018	151
6021	151
6023	151
6023	151
6026	151
6026	151
6028	151
6031	151
6031	151
6033	149
6036	149
6036	149
6038	149
6041	149
6041	151
6043	151
6043	151
6046	151
6048	151
6048	152
6051	152
6051	152
6053	152
6056	153
6056	152
6058	152
6058	153
6061	153
6063	154
6063	156
6066	156
6068	156
6068	156
6071	156
6073	155
6073	154
6076	154
6078	155
6081	155
6081	155
6083	155
6086	154
6086	154
6088	155
6088	155
6091	154
6093	155
6096	155
6096	156
6098	157
6101	157
6101	157
6103	157
6106	158
6106	158
6108	158
6111	158
6111	159
6113	159
6116	158
6116	158
6118	158
6121	158
6123	158
6126	158
6128	158
6131	158
6131	158
6133	158
6136	158
6136	158
6138	159
6141	159
6141	159
6143	159
6146	160
6146	160
6148	160
6151	160
6153	160
6153	160
6156	160
6158	160
6158	160
6161	160
6163	160
6163	160
6166	160
6168	160
6168	160
6171	160
6173	160
6173	160
6176	159
6178	157
6181	157
6183	157
6186	157
6186	157
6188	157
6191	157
6193	157
6196	157
6198	156
6201	155
6203	155
6206	154
6208	154
6211	154
6213	154
6216	154
6218	154
6221	153
6223	153
6226	154
6228	154
6231	154
6231	154
6233	154
6236	154
6238	154
6241	154
6243	154
6246	154
6248	154
6251	154
6253	154
6256	154
6258	154
6261	154
6261	155
6263	155
6266	155
6266	155
6268	155
6268	155
6271	155
6273	155
6273	155
6276	155
6278	155
6278	156
6281	156
6281	156
6283	156
6286	156
6286	155
6288	155
6288	155
6291	155
6293	155
6293	154
6296	155
6298	155
6298	155
6301	155
6303	155
6303	153
6306	153
6306	152
6308	152
6311	152
6311	151
6313	151
6316	152
6316	151
6318	151
6321	151
6321	151
6323	153
6323	153
6326	153
6328	153
6328	154
6333	154
6333	154
6336	154
6336	155
6338	155
6341	155
6341	156
6343	157
6346	157
6346	157
6348	155
6351	154
6353	154
6353	154
6356	155
6358	155
6358	155
6361	155
6363	154
6366	154
6366	154
6368	154
6371	154
6373	154
6373	154
6376	154
6378	154
6378	154
6381	154
6381	154
6383	153
6386	153
6388	153
6391	153
6391	153
6393	155
6396	155
6396	155
6398	155
6398	155
6401	156
6403	156
6403	154
6406	154
6408	153
6408	153
6411	153
6413	152
6413	151
6416	151
6418	151
6418	151
6421	151
6423	151
6423	151
6426	152
6428	152
6431	152
6433	152
6433	152
6436	152
6438	152
6441	151
6443	151
6446	151
6448	151
6451	150
6453	150
6456	150
6456	149
6458	149
6461	149
6463	149
6463	149
6466	149
6468	148
6468	148
6471	147
6473	147
6473	146
6476	146
6478	147
6481	147
6481	147
6483	147
6486	147
6488	146
6491	145
6491	145
6493	146
6496	146
6498	145
6498	145
6501	147
6501	147
6503	147
6506	146
6506	146
6508	147
6508	146
6511	147
6513	147
6513	147
6516	147
6516	147
6518	147
6521	147
6521	146
6523	146
6526	147
6526	146
6528	146
6528	146
6531	146
6533	147
6533	147
6536	148
6536	148
6538	146
6541	146
6541	145
6543	145
6546	145
6548	145
6548	145
6551	145
6551	145
6553	145
6556	145
6556	145
6558	146
6558	144
6561	144
6563	144
6563	144
6566	144
6566	144
6568	142
6571	141
6571	141
6573	140
6573	140
6576	139
6578	142
6578	142
6581	142
6581	141
6583	141
6586	142
6586	142
6588	141
6591	140
6591	140
6593	140
6593	140
6596	140
6598	140
6598	140
6601	140
6603	142
6606	142
6606	142
6608	142
6608	141
6611	139
6613	139
6613	139
6616	139
6616	139
6618	139
6618	139
6621	139
6623	139
6623	139
6626	139
6626	139
6628	139
6631	139
6631	139
6633	139
6633	139
6636	139
6638	139
6638	139
6641	139
6641	139
6643	138
6643	138
6646	137
6648	137
6648	137
6651	137
6653	137
6653	137
6656	137
6658	137
6661	137
6663	137
6666	137
6668	137
6671	137
6673	137
6673	138
6676	139
6678	139
6681	139
6683	139
6686	139
6688	139
6688	139
6691	140
6693	138
6696	138
6696	137
6698	137
6701	138
6703	138
6703	138
6706	139
6708	139
6711	139
6713	139
6713	138
6716	139
6716	139
6718	139
6721	139
6723	139
6726	141
6726	141
6728	141
6731	141
6731	141
6733	142
6733	142
6736	141
6736	140
6738	140
6741	140
6741	140
6743	140
6746	140
6746	140
6748	140
6748	140
6751	140
6753	140
6753	140
6756	140
6756	140
6758	140
6761	140
6761	140
6763	140
6763	140
6766	140
6766	141
6768	143
6771	144
6771	144
6773	144
6776	144
6778	144
6778	144
6781	144
6781	144
6783	144
6786	144
6786	144
6788	144
6788	144
6791	144
6791	144
6793	144
6796	144
6796	144
6798	144
6798	144
6801	143
6803	144
6803	145
6806	145
6806	146
6808	146
6811	146
6811	147
6813	147
6813	147
6816	147
6818	147
6818	149
6821	148
6821	148
6823	148
6826	148
6826	148
6828	148
6831	149
6833	148
6833	149
6836	149
6838	149
6838	148
6841	148
6841	148
6843	148
6846	148
6846	148
6848	148
6848	148
6851	148
6853	149
6856	148
6856	149
6858	149
6858	149
6861	150
6863	151
6863	151
6866	150
6866	150
6868	150
6871	150
6871	149
6873	149
6873	148
6876	148
6876	147
6878	148
6881	148
6881	147
6883	147
6886	146
6888	146
6891	146
6891	146
6893	144
6896	144
6896	144
6898	144
6901	146
6903	146
6906	146
6908	146
6911	146
6911	146
6913	147
6916	147
6918	147
6921	147
6923	147
6926	146
6928	146
6928	146
6931	147
6933	146
6936	146
6936	146
6938	147
6941	148
6943	148
6946	148
6946	147
6948	147
6948	146
6951	146
6953	146
6956	146
6958	145
6958	145
6961	145
6963	145
6963	145
6966	146
6966	146
6968	146
6971	146
6971	146
6973	147
6973	147
6976	147
6978	147
6978	147
6981	147
6981	147
6983	147
6986	146
6986	146
6988	147
6988	147
6991	147
6993	148
6993	148
6996	148
6996	148
6998	148
7001	148
7001	147
7003	147
7006	147
7006	147
7008	148
7011	148
7011	148
7013	148
7013	148
7016	148
7018	148
7018	149
7021	149
7023	149
7023	149
7026	149
7026	148
7028	148
7031	148
7031	148
7033	148
7033	148
7036	148
7038	149
7038	150
7041	151
7041	152
7043	152
7046	152
7046	152
7048	152
7048	152
7051	152
7053	152
7053	152
7056	152
7056	152
7058	152
7061	153
7063	151
7063	151
7066	151
7068	150
7071	151
7071	150
7073	151
7073	151
7076	151
7078	151
7078	151
7081	151
7083	152
7083	152
7086	152
7088	153
7091	156
7093	156
7093	157
7098	156
7098	156
7101	156
7103	156
7103	157
7106	156
7108	156
7108	156
7111	156
7111	155
7113	157
7116	157
7118	157
7118	157
7121	158
7123	158
7126	157
7128	156
7128	156
7131	156
7133	156
7136	156
7138	156
7138	156
7141	156
7143	156
7146	156
7148	155
7151	155
7153	155
7156	156
7158	154
7161	154
7161	154
7163	154
7166	154
7166	154
7168	154
7171	154
7173	155
7176	155
7178	155
7181	155
7183	155
7186	155
7186	155
7188	155
7188	155
7191	155
7193	155
7193	155
7196	155
7198	155
7198	155
7201	155
7201	154
7203	154
7206	154
7206	154
7208	155
7208	156
7211	156
7213	156
7213	157
7216	157
7216	157
7218	157
7221	158
7221	158
7223	158
7223	158
7226	158
7228	158
7228	158
7231	158
7231	158
7233	158
7233	158
7236	158
7238	158
7238	158
7241	158
7243	158
7246	158
7246	157
7248	157
7248	156
7251	155
7253	155
7253	155
7256	155
7256	156
7258	156
7258	156
7261	157
7263	157
7263	157
7266	158
7266	158
7268	158
7271	158
7271	156
7273	156
7273	155
7276	155
7278	155
7278	155
7281	155
7283	155
7283	155
7286	155
7286	153
7288	154
7288	155
7291	154
7293	155
7293	155
7296	155
7298	153
7301	152
7303	152
7303	152
7306	153
7306	153
7308	153
7311	154
7311	154
7313	154
7313	155
7316	155
7318	155
7318	155
7321	155
7321	155
7323	155
7326	155
7326	156
7328	156
7328	156
7331	156
7331	155
7333	156
7336	158
7336	159
7338	159
7338	159
7341	159
7343	159
7346	158
7346	158
7348	158
7348	158
7351	159
7353	159
7356	159
7358	159
7361	159
7361	159
7363	159
7366	159
7366	161
7368	162
7368	162
7371	162
7371	162
7373	162
7376	162
7376	162
7378	162
7378	162
7381	162
7383	162
7383	164
7386	164
7386	164
7388	164
7388	164
7391	163
7393	163
7393	163
7396	163
7398	163
7398	163
7401	163
7401	164
7403	165
7406	165
7406	166
7408	166
7411	164
7413	164
7416	164
7416	164
7418	164
7421	164
7423	164
7426	163
7428	163
7431	163
7433	163
7433	163
7436	163
7438	164
7441	164
7443	162
7446	163
7446	163
7448	163
7448	163
7451	162
7453	162
7453	162
7456	162
7458	162
7461	162
7463	162
7466	162
7466	162
7468	161
7471	162
7473	162
7473	161
7476	161
7476	161
7478	160
7481	160
7481	162
7483	162
7486	161
7486	162
7488	162
7488	162
7491	162
7493	162
7493	162
7496	163
7496	163
7498	162
7501	161
7501	161
7503	161
7503	161
7506	161
7508	161
7508	161
7511	161
7511	161
7513	161
7516	161
7516	161
7518	161
7521	161
7523	161
7523	160
7526	160
7528	159
7528	160
7531	161
7533	162
7533	162
7536	163
7536	162
7538	162
7541	161
7541	161
7543	161
7543	161
7546	161
7546	161
7548	161
7551	161
7551	161
7553	160
7556	160
7556	158
7558	158
7558	158
7561	158
7563	158
7563	158
7566	158
7568	158
7568	158
7571	158
7573	158
7573	158
7576	158
7578	158
7581	158
7581	159
7583	159
7586	159
7586	160
7588	161
7591	160
7591	160
7593	160
7593	160
7596	159
7596	159
7598	160
7601	161
7601	161
7603	161
7606	161
7606	161
7608	160
7608	160
7611	160
7613	160
7613	161
7616	161
7618	160
7618	160
7621	159
7621	159
7623	161
7626	162
7626	161
7628	161
7628	161
7631	161
7633	161
7636	160
7638	159
7641	159
7641	159
7643	159
7646	160
7648	160
7651	160
7653	160
7656	160
7656	159
7658	159
7661	159
7663	159
7666	159
7668	159
7671	159
7673	159
7673	159
7676	159
7678	159
7678	159
7681	159
7683	160
7686	160
7688	160
7691	160
7691	160
7693	160
7696	160
7698	160
7701	160
7701	159
7703	159
7706	159
7706	159
7708	159
7708	159
7711	158
7713	158
7713	158
7716	158
7716	158
7718	158
7721	158
7721	157
7723	157
7726	157
7726	155
7728	155
7728	156
7731	156
7733	156
7733	156
7736	155
7736	155
7738	155
7738	155
7741	155
7743	155
7743	155
7746	155
7748	155
7748	154
7751	154
7753	154
7753	154
7756	154
7756	153
7758	153
7761	153
7761	152
7763	152
7766	152
7766	152
7768	149
7768	149
7771	148
7773	148
7773	148
7776	148
7776	148
7778	148
7778	148
7781	150
7783	150
7783	151
7786	151
7788	151
7788	151
7791	152
7793	151
7793	150
7796	150
7796	150
7798	150
7801	151
7803	150
7803	150
7806	150
7806	150
7808	150
7811	150
7811	149
7813	149
7813	151
7816	151
7818	151
7818	152
7821	151
7823	151
7823	150
7826	150
7826	150
7828	150
7828	150
7831	150
7833	150
7833	149
7836	148
7838	147
7838	147
7841	148
7841	148
7843	148
7846	148
7846	148
7848	148
7848	148
7851	148
7853	147
7853	147
7856	147
7856	147
7858	147
7861	147
7861	147
7863	148
7863	148
7866	148
7868	147
7868	147
7871	147
7873	147
7873	146
7876	146
7878	147
7881	147
7883	147
7886	147
7888	147
7891	147
7893	147
7896	147
7898	146
7901	147
7903	147
7903	147
7906	147
7908	147
7908	146
7911	146
7913	146
7916	146
7918	147
7918	145
7921	145
7923	145
7926	145
7928	145
7931	145
7933	145
7936	145
7936	145
7938	145
7941	145
7943	145
7943	146
7946	146
7948	146
7948	146
7951	146
7951	147
7953	147
7953	147
7956	147
7958	148
7958	148
7961	147
7963	147
7963	147
7966	147
7966	146
7968	146
7971	147
7971	147
7973	146
7973	146
7976	146
7978	146
7978	146
7981	146
7983	146
7983	146
7986	146
7986	146
7988	146
7991	146
7993	146
7993	146
7996	146
7998	146
8001	146
8001	145
8003	145
8006	145
8006	145
8008	145
8008	144
8011	144
8013	144
8013	144
8016	144
8018	144
8018	145
8021	145
8023	145
8023	145
8026	145
8026	145
8028	145
8031	145
8031	145
8033	145
8036	145
8036	146
8038	146
8038	146
8041	146
8043	146
8043	146
8046	147
8046	147
8048	147
8051	147
8053	148
8056	147
8058	147
8058	147
8061	147
8061	147
8063	147
8066	147
8066	147
8068	147
8068	147
8071	147
8073	148
8073	148
8076	148
8076	148
8078	148
8081	148
8081	148
8083	148
8086	148
8086	148
8088	147
8088	148
8091	148
8093	148
8093	148
8096	148
8098	148
8098	148
8101	148
8101	148
8103	148
8106	148
8106	147
8108	146
8108	146
8111	146
8113	147
8116	146
8118	145
8121	145
8123	144
8126	144
8128	145
8131	145
8136	145
8136	144
8138	144
8141	144
8143	145
8146	145
8148	145
8151	144
8153	144
8153	144
8156	142
8158	142
8161	142
8161	143
8163	142
8166	142
8166	141
8168	141
8171	141
8171	142
8173	142
8176	142
8178	142
8181	143
8181	143
8183	143
8186	143
8186	144
8188	144
8191	144
8191	145
8193	146
8196	146
8196	147
8198	146
8198	146
8201	146
8203	146
8203	146
8206	146
8208	146
8208	146
8211	146
8213	146
8213	145
8216	145
8218	145
8218	145
8221	145
8221	144
8223	144
8226	144
8226	143
8228	143
8231	145
8231	146
8233	145
8236	145
8238	145
8238	145
8241	145
8243	145
8246	145
8246	144
8248	146
8251	146
8251	146
8253	146
8256	146
8256	146
8258	147
8261	147
8261	147
8263	147
8266	147
8268	147
8268	147
8271	144
8271	144
8273	144
8276	145
8276	146
8278	146
8281	146
8281	145
8283	145
8286	144
8286	144
8288	144
8291	142
8291	142
8293	142
8296	142
8296	141
8298	140
8301	139
8303	139
8303	139
8306	139
8306	139
8308	140
8311	140
8311	140
8313	140
8316	140
8316	141
8318	139
8321	139
8321	139
8323	139
8326	139
8326	140
8328	139
8328	139
8331	138
8333	139
8336	139
8336	139
8338	139
8341	139
8341	139
8343	139
8346	139
8346	139
8348	139
8351	139
8353	139
8353	139
8356	139
8358	139
8358	138
8361	138
8363	138
8366	139
8368	139
8371	139
8373	139
8376	139
8378	139
8378	140
8381	141
8383	141
8386	141
8388	141
8391	141
8393	141
8396	140
8398	139
8401	138
8401	138
8403	139
8406	138
8408	138
8411	138
8413	138
8413	138
8416	140
8418	140
8421	139
8423	139
8426	137
8428	137
8428	137
8431	136
8433	135
8436	135
8438	135
8438	135
8441	134
8441	134
8443	133
8446	133
8446	133
8448	133
8451	133
8453	133
8453	133
8456	133
8456	133
8458	133
8458	131
8461	133
8463	133
8466	132
8466	132
8468	132
8468	132
8471	132
8473	132
8473	132
8476	132
8476	132
8478	132
8481	132
8481	132
8483	132
8486	132
8488	132
8488	132
8491	132
8493	131
8493	131
8496	131
8498	130
8498	130
8501	130
8503	130
8503	130
8506	130
8508	130
8508	130
8511	130
8513	129
8513	128
8516	128
8518	128
8518	128
8521	128
8523	128
8523	128
8526	128
8526	128
8528	128
8531	128
8531	128
8533	128
8533	128
8536	128
8538	128
8538	128
8541	128
8541	128
8543	128
8546	127
8548	127
8548	127
8551	127
8553	126
8553	126
8556	126
8556	126
8558	126
8561	126
8561	126
8563	127
8563	127
8566	127
8568	127
8568	127
8571	127
8573	128
8573	128
8576	128
8576	129
8578	129
8581	129
8581	130
8583	130
8583	130
8586	130
8588	130
8588	130
8591	130
8591	130
8593	131
8596	131
8596	132
8598	132
8598	131
8601	131
8603	131
8603	131
8606	131
8608	131
8611	131
8613	130
8613	130
8616	130
8618	130
8621	130
8623	130
8626	131
8628	131
8631	131
8633	131
8636	131
8638	131
8641	132
8643	132
8643	131
8646	131
8648	131
8651	131
8651	131
8653	131
8656	131
8658	131
8661	132
8661	132
8663	132
8666	134
8668	134
8671	134
8673	134
8676	135
8678	136
8678	136
8681	136
8683	136
8683	136
8686	135
8686	134
8688	134
8688	135
8691	135
8693	135
8693	135
8696	135
8696	135
8698	135
8701	135
8701	135
8703	135
8703	135
8706	135
8708	134
8708	133
8711	133
8713	133
8713	133
8716	133
8716	132
8718	132
8718	132
8721	132
8723	132
8723	132
8726	131
8726	131
8728	132
8731	132
8731	132
8733	132
8736	130
8736	130
8738	130
8738	130
8741	129
8743	129
8743	129
8746	129
8746	128
8748	129
8751	129
8751	129
8753	129
8756	129
8756	129
8758	129
8758	130
8761	130
8763	131
8763	131
8766	131
8768	131
8768	132
8771	134
8773	134
8773	134
8776	134
8778	134
8778	134
8781	134
8783	134
8783	134
8786	134
8788	134
8788	134
8791	134
8793	134
8793	134
8796	133
8798	132
8798	131
8801	132
8803	132
8806	133
8808	133
8809	133
8811	133
8813	133
8815	133
8816	133
8818	133
8820	133
8822	134
8823	134
8825	134
8827	134
8828	134
8830	134
8832	134
8834	134
8836	134
8837	134
8839	134
8841	134
8842	134
8844	134
8846	134
8848	134
8850	134
8852	134
8853	134
8855	134
8857	134
8860	134
8862	134
8864	133
8865	133
8867	133
8869	133
8871	133
8872	133
8874	133
8876	133
8878	134
8881	134
8883	134
8885	134
8887	135
8889	135
8891	135
8893	135
8894	136
8896	137
8898	137
8900	137
8903	139
8906	139
8908	139
8910	139
8912	139
8914	139
8916	139
8917	138
8919	138
8921	138
8923	137
8926	137
8928	137
8930	136
8932	137
8934	138
8936	138
8937	137
8939	137
8940	137
8942	136
8944	136
8945	137
8947	137
8948	137
8951	136
8952	134
8954	134
8955	134
8957	134
8958	134
8960	132
8961	132
8963	132
8965	133
8966	133
8968	133
8970	133
8971	134
8973	134
8974	134
8976	134
8978	134
8979	134
8981	134
8983	134
8985	135
8987	136
8989	136
8990	136
8992	136
8993	136
8995	136
8997	136
8998	136
9000	135
9002	135
9003	135
9005	136
9006	136
9008	137
9009	137
9011	137
9013	138
9014	138
9016	138
9018	139
9019	139
9021	141
9022	141
9024	141
9025	141
9027	141
9028	141
9030	141
9032	141
9033	141
9035	141
9036	141
9038	141
9039	141
9041	141
9042	141
9044	141
9046	141
9047	142
9049	142
9051	142
9053	142
9054	142
9057	142
9058	141
9060	141
9061	141
9063	141
9065	141
9066	142
9068	143
9069	143
9071	142
9073	142
9074	142
9076	142
9077	142
9079	141
9080	142
9082	142
9084	142
9086	142
9088	144
9089	144
9091	144
9092	143
9094	142
9096	142
9097	142
9099	142
9100	143
9102	142
9103	142
9105	141
9107	141
9108	141
9111	142
9113	142
9115	142
9117	142
9120	142
9122	142
9125	142
9127	143
9127	143
9130	143
9132	143
9132	143
9135	142
9137	142
9140	142
9142	142
9145	141
9147	141
9147	140
9150	140
9152	140
9155	140
9155	140
9157	140
9160	140
9162	140
9162	141
9165	142
9167	141
9170	141
9172	141
9175	141
9175	141
9177	141
9180	141
9180	141
9182	141
9185	141
9185	141
9187	141
9187	140
9190	140
9192	141
9192	141
9195	140
9197	140
9197	141
9200	141
9200	141
9202	142
9205	142
9205	141
9207	141
9210	141
9210	141
9212	141
9212	140
9215	139
9217	139
9217	139
9220	138
9220	137
9222	137
9225	137
9225	137
9227	137
9227	137
9230	137
9232	138
9232	138
9235	138
9237	138
9237	138
9240	138
9240	137
9242	137
9245	136
9247	136
9247	136
9250	136
9250	136
9252	136
9255	136
9255	136
9257	136
9257	136
9260	136
9262	135
9262	135
9265	136
9267	137
9267	136
9270	136
9270	137
9272	137
9272	137
9275	137
9277	137
9277	137
9280	136
9280	136
9282	136
9285	136
9285	136
9287	136
9290	137
9290	137
9292	137
9295	137
9295	137
9297	137
9297	135
9300	135
9302	135
9302	135
9305	135
9307	134
9307	134
9310	134
9310	134
9312	135
9312	134
9315	136
9317	136
9317	136
9320	136
9320	137
9322	137
9325	137
9325	137
9327	137
9327	137
9330	137
9332	137
9332	136
9335	136
9337	136
9337	136
9340	136
9340	136
9342	136
9345	137
9347	137
9350	137
9350	137
9352	138
9355	138
9357	138
9360	138
9360	138
9362	136
9365	136
9367	136
9370	136
9372	137
9372	137
9375	137
9377	137
9377	138
9380	138
9382	138
9382	138
9385	138
9387	138
9387	137
9390	137
9392	137
9395	138
9395	138
9397	138
9400	138
9400	138
9402	138
9405	138
9407	138
9407	138
9410	139
9412	139
9412	139
9415	139
9417	138
9420	137
9420	138
9422	138
9422	138
9425	137
9427	138
9427	138
9430	138
9430	138
9432	139
9435	140
9435	140
9437	140
9437	140
9440	139
9442	140
9442	140
9445	140
9447	140
9447	140
9450	141
9450	140
9452	139
9455	140
9455	140
9457	139
9460	139
9462	140
9462	140
9465	140
9467	140
9467	140
9470	140
9472	140
9472	140
9475	140
9477	140
9477	139
9480	139
9480	139
9482	139
9485	139
9485	138
9487	138
9490	138
9490	138
9492	138
9495	137
9495	136
9497	136
9500	136
9500	135
9502	135
9505	134
9505	134
9507	134
9510	134
9510	134
9512	135
9515	135
9517	134
9520	134
9520	134
9522	134
9522	134
9525	134
9527	133
9527	133
9530	134
9532	132
9532	132
9535	132
9537	132
9537	132
9540	132
9542	132
9542	133
9545	133
9547	133
9547	134
9550	134
9552	134
9552	136
9555	136
9555	135
9557	134
9560	133
9560	132
9562	133
9562	133
9565	134
9567	134
9567	134
9570	134
9570	134
9572	134
9575	135
9577	135
9580	136
9580	136
9585	135
9585	135
9587	135
9592	136
9592	136
9595	137
9597	137
9600	137
9602	137
9605	136
9607	137
9607	136
9610	136
9612	136
9615	136
9615	136
9617	136
9620	136
9622	136
9625	136
9627	136
9630	136
9632	136
9635	136
9635	136
9637	136
9640	136
9642	136
9645	138
9647	138
9650	138
9652	138
9652	138
9655	138
9657	139
9660	138
9662	138
9665	138
9667	138
9670	138
9670	138
9672	138
9675	138
9675	138
9677	138
9680	137
9682	136
9682	136
9685	136
9687	137
9690	137
9692	136
9695	136
9697	136
9700	136
9702	136
9705	136
9705	136
9707	136
9710	135
9712	135
9712	136
9715	136
9715	136
9717	136
9720	137
9720	138
9722	137
9725	138
9725	138
9727	138
9727	138
9730	138
9732	137
9732	137
9735	137
9737	137
9737	137
9740	137
9740	137
9742	137
9745	137
9745	137
9747	136
9747	136
9750	136
9752	136
9752	136
9755	137
9757	137
9760	138
9760	138
9762	137
9765	136
9765	136
9767	137
9770	137
9770	138
9772	137
9775	137
9775	136
9777	136
9777	136
9780	136
9782	135
9785	136
9785	136
9787	135
9790	134
9790	134
9792	134
9792	135
9795	135
9797	135
9797	136
9800	137
9802	137
9802	139
9805	139
9807	139
9807	138
9810	138
9810	138
9812	138
9815	138
9815	139
9817	140
9820	139
9820	139
9822	138
9825	138
9825	136
9827	136
9830	136
9832	136
9835	136
9837	136
9840	136
9842	136
9845	137
9847	137
9850	137
9852	137
9855	138
9857	138
9857	137
9860	137
9862	138
9865	137
9865	138
9867	138
9870	139
9872	139
9875	139
9877	139
9877	139
9880	140
9882	139
9885	139
9885	139
9887	140
9895	141
9897	141
9900	141
9902	141
9905	141
9907	141
9910	142
9912	141
9912	141
9915	140
9917	140
9920	140
9922	140
9925	140
9925	140
9927	140
9930	140
9930	140
9932	141
9935	139
9935	139
9937	138
9940	138
9942	137
9945	137
9947	137
9947	135
9950	136
9952	136
9952	135
9955	135
9957	135
9957	137
9960	137
9962	137
9962	136
9965	136
9967	135
9967	135
9970	135
9972	135
9975	135
9975	135
9977	135
9977	135
9980	135
9982	134
9982	134
9985	134
9985	134
9987	134
9990	134
9990	134
9992	134
9992	134
9995	134
9995	134
9997	133
10000	134
10000	134
10002	134
10005	133
10005	133
10007	133
10010	133
10010	134
10012	136
10012	136
10015	136
10015	137
10017	137
10020	136
10020	136
10022	136
10025	136
10027	137
10030	137
10030	137
10035	137
10035	137
10037	137
10040	137
10040	138
10042	138
10042	138
10045	138
10047	139
10047	139
10050	139
10050	139
10052	138
10055	136
10055	136
10057	136
10057	134
10060	134
10062	134
10062	134
10065	134
10065	135
10067	134
10070	134
10070	134
10072	135
10072	137
10075	137
10077	137
10077	136
10080	136
10080	136
10082	136
10085	136
10087	136
10090	136
10092	137
10097	138
10100	138
10102	138
10105	138
10107	138
10107	138
10110	137
10112	137
10115	137
10117	138
10120	138
10122	138
10122	138
10125	138
10127	139
10130	139
10132	139
10132	138
10135	138
10137	138
10140	138
10142	138
10145	137
10145	135
10147	136
10150	137
10150	137
10152	137
10155	137
10155	137
10157	137
10160	137
10160	137
10162	137
10165	137
10167	137
10167	137
10170	137
10170	137
10172	137
10175	137
10175	137
10177	137
10177	138
10180	137
10182	137
10182	137
10185	136
10185	136
10187	136
10190	135
10190	135
10192	135
10192	135
10195	135
10197	134
10197	133
10200	132
10200	132
10202	132
10202	132
10205	133
10207	131
10207	130
10210	130
10210	130
10212	130
10215	130
10217	130
10217	130
10220	130
10222	130
10222	131
10225	131
10225	131
10227	131
10230	130
10230	130
10232	131
10235	131
10235	131
10237	131
10240	129
10240	129
10242	128
10242	128
10245	129
10247	129
10247	129
10250	129
10252	129
10252	129
10255	128
10255	128
10257	128
10260	131
10260	131
10262	130
10265	130
10265	130
10267	130
10270	130
10272	130
10272	130
10275	130
10277	130
10277	130
10280	130
10282	130
10282	130
10285	130
10287	130
10287	130
10290	130
10292	129
10292	129
10295	130
10297	130
10297	130
10300	130
10300	131
10302	131
10305	131
10305	131
10307	131
10310	131
10310	131
10312	130
10312	130
10315	129
10317	129
10317	129
10320	128
10322	128
10322	128
10325	128
10327	128
10327	128
10330	128
10332	130
10335	129
10337	129
10340	129
10342	129
10345	129
10345	129
10347	129
10350	129
10352	129
10355	129
10357	129
10360	129
10362	129
10365	130
10367	130
10367	130
10370	130
10372	130
10375	130
10377	130
10377	130
10380	130
10382	129
10385	131
10385	131
10387	131
10390	130
10390	130
10392	130
10395	130
10395	130
10397	130
10397	130
10400	130
10402	129
10402	129
10407	129
10407	130
10410	130
10410	130
10412	130
10415	130
10415	130
10417	129
10420	128
10422	128
10422	128
10425	128
10425	128
10427	128
10430	127
10430	126
10432	126
10432	127
10435	127
10437	128
10437	128
10440	128
10440	128
10442	128
10445	128
10447	128
10447	128
10450	128
10450	127
10452	127
10455	127
10457	128
10457	128
10460	127
10460	127
10462	126
10465	126
10465	126
10467	124
10470	124
10470	124
10472	124
10472	126
10475	126
10475	126
10477	126
10480	126
10480	128
10482	128
10482	129
10485	129
10487	129
10487	129
10490	129
10490	129
10492	129
10495	129
10495	129
10497	130
10500	129
10502	129
10502	129
10505	129
10507	129
10510	130
10510	130
10512	130
10515	130
10517	130
10517	130
10520	131
10522	131
10522	131
10525	131
10527	131
10527	131
10530	131
10530	131
10532	131
10535	131
10535	131
10537	129
10540	129
10540	129
10542	129
10542	130
10545	131
10545	132
10547	132
10550	133
10550	133
10552	134
10555	133
10555	133
10557	133
10557	133
10560	133
10562	133
10562	133
10565	133
10567	133
10570	134
10570	134
10572	134
10575	134
10577	135
10580	135
10582	135
10585	133
10590	133
10590	133
10595	131
10595	130
10597	132
10600	133
10600	133
10602	133
10602	133
10605	133
10607	133
10610	133
10610	133
10612	133
10615	131
10615	131
10617	131
10620	131
10620	131
10622	131
10625	131
10625	131
10627	131
10630	131
10630	131
10632	132
10635	132
10635	132
10637	131
10640	132
10640	132
10642	133
10642	133
10645	133
10647	133
10647	133
10650	132
10652	132
10652	132
10655	132
10655	132
10657	132
10660	133
10660	133
10662	134
10662	134
10665	134
10667	134
10667	134
10670	134
10670	135
10672	136
10675	136
10675	137
10677	137
10677	136
10680	136
10682	136
10682	137
10685	137
10687	137
10687	137
10690	137
10690	136
10692	136
10695	136
10695	137
10697	138
10697	138
10700	138
10702	138
10702	138
10705	139
10707	139
10707	139
10710	139
10710	139
10712	139
10715	139
10715	139
10717	139
10720	139
10720	139
10722	138
10722	138
10725	138
10727	138
10730	138
10730	138
10732	138
10732	138
10735	138
10737	138
10737	138
10740	138
10742	138
10742	138
10745	138
10747	139
10747	138
10750	138
10750	138
10752	139
10752	140
10755	140
10757	140
10757	140
10760	141
10760	141
10762	141
10765	141
10765	140
10767	140
10770	140
10770	139
10772	139
10772	140
10775	140
10777	140
10777	140
10780	140
10782	139
10782	139
10785	139
10785	139
10787	138
10790	137
10790	137
10792	137
10792	137
10795	137
10797	137
10800	138
10802	138
10805	141
10807	140
10810	140
10812	140
10812	140
10815	140
10817	140
10820	140
10822	141
10825	141
10827	141
10830	140
10830	140
10832	140
10835	140
10835	140
10837	141
10840	140
10842	141
10845	141
10847	141
10847	142
10850	142
10850	142
10852	143
10855	144
10855	144
10857	144
10860	144
10862	144
10862	144
10865	143
10867	142
10867	141
10870	141
10872	142
10875	143
10875	143
10877	143
10877	142
10880	142
10880	142
10882	142
10885	142
10885	140
10887	140
10887	140
10890	140
10892	142
10892	143
10895	143
10897	143
10897	143
10900	143
10900	142
10902	142
10902	142
10905	142
10907	142
10907	142
10910	142
10912	142
10912	142
10915	143
10917	142
10920	142
10920	142
10922	142
10922	142
10925	142
10925	142
10927	142
10930	142
10932	142
10932	141
10935	141
10937	141
10937	141
10940	142
10940	141
10942	139
10942	139
10945	141
10947	141
10947	141
10950	141
10950	141
10952	141
10955	141
10955	142
10957	142
10960	142
10960	142
10962	142
10962	142
10965	142
10967	142
10967	143
10970	144
10972	143
10972	143
10975	143
10977	143
10977	143
10980	143
10980	143
10982	144
10982	144
10985	143
10987	143
10987	143
10990	144
10990	143
10992	143
10995	143
10995	143
10997	143
11000	142
11002	142
11002	142
11005	142
11007	142
11007	141
11010	141
11010	141
11012	141
11012	141
11015	142
11017	142
11017	143
11020	144
11020	143
11022	142
11025	142
11025	142
11027	142
11030	141
11030	141
11032	141
11035	141
11035	140
11037	139
11042	139
11045	139
11047	139
11050	139
11052	139
11055	139
11057	139
11060	139
11065	139
11067	139
11067	139
11070	140
11070	141
11072	141
11075	141
11077	141
11080	141
11080	141
11082	141
11085	141
11087	141
11087	141
11090	141
11092	140
11095	140
11095	140
11097	139
11100	139
11102	138
11105	138
11105	138
11107	138
11107	138
11110	138
11112	138
11112	138
11115	138
11117	138
11117	138
11120	138
11122	139
11122	138
11125	139
11127	139
11127	139
11130	139
11130	138
11132	138
11135	138
11137	138
11137	139
11140	139
11140	138
11142	138
11145	138
11147	138
11147	139
11150	139
11152	139
11155	139
11155	139
11157	138
11157	138
11160	138
11162	138
11162	138
11165	138
11167	138
11167	139
11170	139
11172	138
11172	139
11175	140
11177	139
11177	139
11180	140
11182	140
11182	140
11185	139
11187	139
11187	139
11190	139
11190	140
11192	140
11195	141
11195	140
11197	140
11200	140
11200	140
11202	140
11202	140
11205	140
11207	140
11210	140
11210	140
11212	140
11215	141
11215	141
11217	141
11220	141
11220	141
11222	140
11225	140
11225	140
11227	140
11230	140
11230	140
11232	140
11232	140
11235	140
11237	140
11240	140
11240	141
11242	141
11242	141
11245	140
11247	139
11247	140
11250	140
11252	141
11252	140
11255	140
11257	139
11257	139
11260	140
11262	140
11262	140
11265	140
11267	140
11270	140
11272	140
11275	140
11277	140
11280	139
11282	139
11285	139
11285	139
11287	139
11290	139
11292	140
11295	140
11297	140
11297	140
11300	140
11302	140
11305	140
11307	140
11307	141
11310	141
11312	141
11315	141
11317	141
11317	141
11320	141
11320	141
11322	141
11325	141
11325	140
11327	140
11330	140
11330	140
11332	140
11332	140
11335	140
11337	139
11337	141
11340	141
11342	141
11342	141
11345	141
11345	141
11347	141
11347	141
11350	141
11352	141
11352	141
11355	141
11355	141
11357	141
11360	141
11360	141
11362	142
11362	143
11365	143
11367	142
11367	142
11370	142
11370	142
11372	141
11375	141
11375	141
11377	141
11377	141
11380	141
11382	141
11385	141
11385	141
11387	140
11390	140
11390	141
11392	142
11392	141
11395	142
11397	142
11397	142
11400	141
11402	140
11402	141
11405	141
11407	141
11410	140
11410	140
11412	139
11412	139
11415	139
11417	139
11417	141
11420	141
11420	141
11422	140
11425	140
11425	139
11427	139
11430	140
11430	141
11432	141
11432	141
11435	142
11437	142
11437	142
11440	142
11442	142
11445	142
11447	142
11447	142
11450	142
11450	142
11452	142
11455	141
11455	141
11457	141
11460	139
11460	139
11462	138
11462	138
11465	139
11467	139
11467	139
11470	139
11472	140
11472	140
11475	140
11475	140
11477	141
11480	141
11480	142
11482	142
11482	142
11485	142
11487	142
11487	142
11490	143
11492	143
11492	143
11495	143
11495	144
11497	144
11500	143
11500	143
11502	143
11505	143
11505	143
11507	143
11507	145
11510	145
11512	145
11515	145
11515	146
11517	146
11520	146
11522	146
11522	146
11525	146
11527	146
11530	146
11530	146
11532	146
11532	146
11535	146
11537	146
11540	145
11540	146
11542	146
11545	146
11545	146
11547	146
11550	146
11552	145
11555	145
11555	145
11557	145
11560	145
11562	145
11565	145
11567	145
11570	146
11572	146
11575	146
11577	146
11580	146
11582	146
11585	146
11585	146
11587	146
11590	146
11590	145
11592	144
11592	144
11595	144
11597	144
11597	144
11600	144
11600	144
11602	144
11605	144
11605	144
11607	144
11610	144
11612	144
11612	144
11615	145
11617	145
11617	145
11620	145
11620	145
11622	145
11625	146
11625	146
11627	146
11630	146
11630	146
11632	146
11632	145
11635	145
11637	145
11637	144
11640	145
11642	145
11642	145
11645	145
11645	144
11647	144
11650	144
11652	143
11652	143
11655	143
11657	144
11657	144
11660	144
11660	145
11662	145
11665	145
11665	145
11667	145
11667	145
11670	145
11672	145
11672	145
11675	145
11675	145
11677	145
11680	145
11680	145
11682	144
11682	144
11685	142
11687	142
11687	143
11690	143
11692	143
11692	143
11695	143
11697	143
11697	143
11700	143
11702	144
11702	144
11705	144
11705	144
11707	144
11707	145
11710	145
11712	145
11712	145
11715	145
11715	145
11717	145
11720	145
11720	145
11722	144
11722	144
11725	144
11727	145
11727	145
11730	145
11730	146
11732	146
11735	145
11735	144
11737	144
11737	144
11740	144
11742	144
11742	144
11745	144
11745	144
11747	144
11750	144
11750	144
11752	144
11755	144
11757	144
11760	144
11762	143
11765	143
11767	143
11767	142
11770	142
11772	142
11775	142
11777	142
11780	142
11780	142
11782	143
11785	144
11787	144
11787	144
11790	145
11792	145
11795	145
11797	145
11797	145
11800	146
11802	145
11805	145
11807	145
11807	145
11810	145
11810	145
11812	146
11815	146
11817	146
11820	146
11822	146
11822	146
11825	146
11825	146
11827	146
11830	146
11830	147
11832	147
11832	147
11835	146
11837	146
11837	147
11840	146
11840	146
11842	146
11842	146
11845	146
11847	145
11847	145
11850	145
11852	145
11852	145
11855	145
11855	145
11857	145
11860	145
11860	145
11862	144
11862	144
11865	143
11867	145
11870	145
11870	145
11872	144
11875	144
11875	144
11877	144
11877	144
11880	144
11882	144
11885	144
11885	143
11887	144
11887	144
11890	144
11892	144
11892	144
11895	144
11895	144
11897	144
11900	143
11900	143
11902	143
11902	143
11905	143
11907	143
11907	143
11910	143
11910	143
11912	143
11915	142
11915	141
11917	141
11920	141
11920	141
11922	141
11922	142
11925	142
11925	141
11927	141
11930	141
11930	141
11932	142
11935	142
11935	142
11937	141
11940	141
11940	141
11942	141
11942	141
11945	141
11945	141
11947	141
11950	141
11950	141
11952	141
11955	141
11955	141
11957	141
11957	141
11960	141
11962	141
11962	141
11965	141
11965	141
11967	140
11970	142
11970	141
11972	142
11972	143
11975	142
11977	142
11977	143
11980	143
11982	143
11982	142
11985	142
11987	142
11990	142
11990	141
11992	140
11995	139
11995	139
11997	139
11997	139
12000	139
12005	139
12005	139
12007	139
12010	139
12012	139
12015	139
12017	139
12020	139
12020	139
12022	139
12025	140
12027	140
12030	140
12032	140
12032	140
12035	140
12037	141
12040	141
12040	141
12042	141
12045	141
12045	141
12047	141
12050	141
12052	141
12055	141
12055	141
12057	141
12060	141
12062	141
12062	142
12065	142
12065	142
12067	142
12070	141
12070	140
12072	140
12072	140
12075	140
12077	140
12077	140
12080	140
12080	140
12082	139
12085	140
12087	141
12090	142
12092	142
12092	142
12095	142
12097	142
12097	142
12100	142
12100	142
12102	141
12105	141
12105	141
12107	141
12110	141
12110	141
12112	141
12115	141
12115	141
12117	141
12120	140
12120	140
12122	141
12122	141
12125	141
12127	141
12127	140
12130	139
12132	139
12135	139
12135	139
12137	138
12137	137
12140	137
12142	136
12142	135
12145	135
12145	135
12147	136
12150	134
12150	134
12152	133
12152	133
12155	133
12157	133
12157	134
12160	134
12160	134
12162	134
12165	134
12165	133
12167	133
12170	133
12172	132
12172	131
12175	131
12177	130
12177	129
12180	130
12182	130
12182	130
12185	130
12185	130
12187	130
12187	130
12190	130
12192	130
12192	130
12195	129
12197	129
12197	130
12200	130
12200	130
12202	130
12205	130
12205	132
12207	132
12210	132
12210	132
12212	133
12212	133
12215	133
12217	133
12217	133
12220	134
12222	135
12222	135
12225	135
12225	136
12227	136
12230	136
12232	136
12235	136
12237	136
12237	136
12240	136
12242	136
12245	136
12247	136
12247	135
12250	135
12252	135
12252	135
12255	135
12257	135
12260	136
12262	136
12265	137
12267	137
12267	138
12270	138
12272	138
12272	138
12275	138
12277	138
12277	138
12280	138
12282	138
12285	138
12287	138
12287	138
12290	138
12292	138
12295	138
12295	138
12297	138
12300	138
12300	137
12302	137
12302	137
12305	137
12307	137
12307	137
12310	137
12310	137
12312	137
12315	136
12315	136
12317	136
12317	133
12320	134
12322	133
12322	133
12325	134
12327	134
12327	134
12330	133
12330	133
12332	132
12335	132
12335	132
12337	133
12337	133
12340	133
12342	133
12342	133
12345	132
12345	133
12347	133
12350	134
12350	134
12352	134
12355	135
12355	135
12357	135
12357	135
12360	135
12362	135
12362	135
12365	133
12365	133
12367	133
12370	133
12370	133
12372	133
12372	133
12375	133
12377	134
12377	134
12380	134
12382	136
12382	136
12385	136
12385	136
12387	135
12390	135
12390	135
12392	135
12392	135
12395	135
12397	136
12397	136
12400	135
12400	135
12402	135
12405	135
12405	135
12407	134
12407	133
12410	132
12412	132
12412	132
12415	132
12417	131
12417	131
12420	131
12422	131
12422	132
12425	132
12427	131
12427	131
12430	131
12430	131
12432	131
12435	131
12435	131
12437	131
12437	132
12440	132
12442	133
12442	133
12445	133
12445	133
12447	134
12450	134
12450	134
12452	134
12455	134
12455	135
12457	135
12457	136
12460	136
12462	136
12462	136
12465	136
12465	136
12467	136
12467	135
12470	137
12472	137
12472	137
12475	137
12477	140
12477	139
12480	139
12480	139
12482	139
12485	139
12485	139
12487	139
12487	139
12490	139
12492	140
12495	140
12497	140
12497	140
12500	140
12502	139
12505	139
12505	138
12507	138
12510	137
12512	138
12515	138
12517	139
12520	139
12522	139
12525	139
12527	139
12527	139
12530	140
12532	140
12532	140
12535	140
12537	140
12540	141
12540	141
12542	140
12545	140
12545	140
12547	140
12550	140
12552	140
12555	140
12555	140
12557	140
12560	140
12560	140
12562	140
12562	140
12565	141
12565	140
12567	141
12570	141
12570	141
12572	141
12572	141
12575	141
12577	142
12577	143
12580	144
12582	144
12582	144
12585	144
12585	144
12587	144
12587	144
12590	144
12592	144
12592	144
12595	144
12597	144
12597	144
12600	144
12600	144
12602	144
12605	144
12605	144
12607	144
12607	143
12610	143
12612	143
12612	143
12615	143
12617	143
12620	143
12620	143
12622	143
12622	143
12625	143
12627	143
12627	143
12630	143
12630	143
12632	143
12635	143
12635	143
12637	143
12637	143
12640	143
12640	143
12642	142
12645	142
12645	143
12647	143
12647	143
12650	143
12652	143
12652	143
12655	142
12655	142
12657	142
12660	142
12660	142
12662	142
12662	142
12665	142
12667	142
12667	141
12670	141
12670	141
12672	141
12675	141
12675	141
12677	141
12677	141
12680	140
12682	140
12685	140
12685	140
12687	140
12687	140
12690	140
12692	141
12692	141
12695	140
12695	140
12697	140
12700	140
12700	140
12702	138
12702	138
12705	138
12707	138
12710	138
12710	138
12712	137
12712	137
12715	137
12717	138
12717	138
12720	138
12720	138
12722	138
12725	138
12725	138
12727	138
12727	138
12730	138
12732	138
12732	138
12735	138
12735	139
12737	138
12740	138
12740	138
12742	137
12745	137
12747	137
12747	137
12750	137
12752	137
12755	137
12757	138
12760	138
12762	137
12765	137
12767	137
12770	137
12770	136
12772	137
12775	137
12777	137
12780	137
12780	137
12782	136
12785	134
12787	134
12787	134
12790	134
12792	135
12792	135
12795	137
12797	137
12797	138
12802	138
12802	138
12805	138
12807	138
12810	138
12812	138
12815	138
12817	138
12817	138
12820	139
12820	139
12822	140
12825	140
12825	140
12827	140
12827	140
12830	140
12832	140
12832	138
12835	138
12835	138
12837	137
12840	137
12840	137
12842	137
12845	137
12845	138
12847	138
12847	138
12850	138
12852	139
12852	139
12855	138
12855	139
12857	138
12860	138
12862	138
12862	137
12865	137
12867	137
12867	137
12870	137
12870	137
12872	137
12875	137
12875	137
12877	137
12877	137
12880	138
12882	138
12882	138
12885	138
12887	136
12887	136
12890	136
12892	136
12892	136
12895	136
12895	136
12897	136
12900	136
12900	136
12902	136
12902	136
12905	136
12907	136
12910	136
12910	136
12912	136
12912	137
12915	137
12917	137
12920	137
12920	137
12922	137
12925	137
12925	136
12927	137
12927	137
12930	136
12932	136
12932	136
12935	134
12935	133
12937	133
12940	133
12940	133
12942	133
12945	132
12945	132
12947	132
12947	132
12950	132
12952	132
12952	132
12955	132
12957	132
12957	134
12960	134
12960	134
12962	134
12965	134
12965	134
12967	134
12970	134
12970	134
12975	134
12977	134
12980	134
12985	134
12987	135
12990	135
12992	135
12995	135
12997	135
12997	135
13000	135
13002	137
13002	137
13005	137
13007	137
13010	137
13012	137
13015	137
13015	137
13017	137
13020	137
13020	137
13022	137
13025	138
13025	138
13027	137
13030	137
13030	137
13032	136
13032	138
13035	137
13037	137
13037	138
13040	138
13040	137
13042	137
13045	135
13045	135
13047	135
13050	135
13050	135
13052	135
13052	136
13055	136
13057	136
13057	136
13060	136
13060	135
13062	136
13065	136
13065	136
13067	137
13067	137
13070	137
13072	137
13072	135
13075	135
13075	135
13077	135
13080	135
13080	135
13082	135
13085	135
13085	135
13087	135
13087	135
13090	134
13092	134
13092	134
13095	134
13097	134
13100	133
13102	132
13102	132
13105	132
13105	133
13107	132
13110	132
13110	132
13112	132
13112	133
13115	133
13117	132
13117	131
13120	130
13120	130
13122	130
13125	130
13125	130
13127	131
13127	131
13130	131
13132	131
13132	131
13135	131
13135	132
13137	132
13140	132
13140	131
13142	131
13142	131
13145	131
13147	131
13147	131
13150	131
13152	131
13152	131
13155	131
13157	131
13157	131
13160	131
13160	132
13162	132
13165	131
13165	131
13167	131
13167	131
13170	131
13172	131
13172	131
13175	131
13177	130
13177	130
13180	130
13182	130
13182	130
13185	130
13185	130
13187	130
13190	130
13190	130
13192	130
13192	129
13195	129
13197	129
13197	129
13200	129
13200	129
13202	129
13205	129
13205	129
13207	129
13207	129
13210	129
13212	129
13215	129
13217	129
13220	128
13220	128
13222	128
13225	128
13227	128
13230	128
13232	129
13235	129
13237	129
13240	129
13240	128
13242	128
13245	129
13247	129
13247	129
13250	129
13252	129
13252	129
13255	129
13257	129
13257	129
13260	130
13262	130
13265	129
13267	129
13267	129
13270	128
13272	128
13275	127
13277	127
13280	127
13282	127
13285	126
13285	127
13287	127
13290	128
13290	128
13292	128
13295	128
13295	128
13297	128
13297	127
13300	127
13300	127
13302	126
13305	126
13305	126
13307	126
13307	126
13310	126
13312	126
13312	126
13315	126
13315	126
13317	126
13320	126
13320	125
13322	125
13325	125
13325	124
13327	124
13327	124
13332	124
13332	125
13335	125
13337	125
13337	125
13340	125
13340	124
13342	124
13345	124
13345	124
13347	124
13347	125
13350	125
13350	125
13352	124
13355	124
13355	125
13357	125
13360	124
13360	123
13362	123
13365	123
13365	123
13367	123
13370	123
13370	123
13372	123
13372	123
13375	123
13377	124
13377	124
13380	123
13380	123
13382	123
13385	123
13385	123
13387	123
13390	123
13390	123
13392	124
13392	124
13395	125
13397	125
13397	124
13400	124
13400	124
13402	124
13405	124
13405	124
13407	125
13407	125
13410	125
13412	125
13412	125
13415	125
13415	125
13417	125
13420	126
13420	126
13422	125
13425	125
13425	125
13427	125
13427	125
13430	125
13432	125
13432	125
13435	125
13437	125
13440	125
13440	126
13442	126
13445	126
13445	126
13447	126
13450	126
13450	126
13452	126
13455	126
13455	126
13457	126
13460	126
13460	126
13462	126
13465	126
13465	126
13467	126
13470	126
13472	126
13475	126
13475	126
13477	125
13480	125
13482	125
13485	125
13487	125
13490	125
13492	125
13492	125
13495	125
13497	125
13500	125
13500	125
13502	125
13505	127
13507	127
13510	127
13510	127
13512	127
13515	127
13517	127
13517	127
13520	127
13520	127
13522	127
13525	127
13525	127
13527	127
13527	127
13530	127
13532	127
13532	127
13535	126
13537	127
13537	127
13540	127
13540	127
13542	127
13545	127
13545	127
13547	128
13547	128
13550	129
13552	129
13552	129
13555	129
13557	129
13557	129
13560	128
13560	127
13562	127
13565	127
13565	128
13567	128
13567	128
13570	128
13572	128
13572	128
13575	128
13577	128
13577	128
13580	127
13580	127
13582	127
13585	127
13585	127
13587	127
13587	127
13590	127
13592	127
13592	127
13595	127
13595	127
13597	127
13600	127
13600	125
13602	126
13602	126
13605	127
13607	127
13610	127
13612	127
13612	125
13615	125
13615	125
13617	126
13620	126
13620	127
13622	129
13622	129
13625	129
13627	129
13630	129
13630	129
13632	129
13635	129
13635	129
13637	129
13637	129
13640	129
13642	129
13642	129
13645	129
13645	129
13647	129
13650	129
13650	129
13652	129
13652	130
13655	130
13657	130
13657	131
13660	130
13662	130
13662	130
13665	130
13665	130
13667	130
13667	130
13670	130
13672	129
13672	129
13675	129
13677	128
13677	129
13680	128
13682	128
13682	129
13685	129
13687	129
13690	128
13690	128
13692	128
13695	129
13695	130
13697	131
13700	133
13702	134
13705	135
13707	135
13710	135
13712	135
13715	135
13715	135
13717	134
13717	134
13720	134
13722	134
13722	136
13725	136
13727	136
13730	136
13732	138
13732	138
13735	138
13737	138
13740	138
13742	137
13742	137
13745	137
13747	138
13747	138
13750	138
13752	139
13752	139
13755	139
13755	139
13757	138
13760	139
13760	139
13762	139
13765	139
13765	139
13767	140
13770	140
13770	140
13772	141
13772	141
13775	141
13777	141
13777	141
13780	141
13782	142
13782	142
13785	142
13785	143
13787	144
13787	144
13790	145
13792	145
13792	145
13795	147
13797	146
13797	146
13800	146
13802	146
13805	147
13806	147
13808	146
13810	146
13811	146
13813	146
13814	146
13816	146
13817	146
13819	146
13821	146
13822	146
13824	146
13826	146
13827	146
13829	146
13830	146
13832	146
13834	146
13835	147
13837	147
13838	145
13840	145
13841	145
13843	145
13845	145
13847	145
13848	145
13850	146
13852	147
13853	149
13855	149
13856	148
13858	148
13859	148
13861	148
13863	148
13864	148
13866	148
13867	148
13868	148
13870	148
13872	148
13873	148
13875	148
13877	148
13878	148
13880	148
13881	148
13883	148
13885	149
13886	149
13888	149
13890	149
13891	149
13893	148
13894	148
13896	148
13897	147
13899	147
13900	147
13902	149
13904	149
13906	149
13907	149
13909	149
13910	149
13912	150
13913	149
13915	149
13917	149
13918	149
13920	149
13922	149
13924	149
13926	149
13927	148
13929	148
13931	148
13932	149
13934	149
13935	149
13937	148
13939	148
13940	148
13942	148
13944	148
13945	148
13947	148
13949	148
13951	148
13954	147
13956	148
13957	148
13959	149
13961	149
13964	148
13966	148
13968	148
13969	149
13971	149
13972	148
13974	148
13975	148
13977	148
13979	148
13981	148
13983	149
13984	149
13987	149
13989	149
13990	148
13992	148
13993	148
13995	149
13996	148
13998	148
13999	148
14001	147
14004	147
14005	147
14007	147
14008	147
14010	147
14012	148
14013	147
14015	147
14016	145
14018	145
14019	145
14021	145
14022	145
14024	145
14025	144
14027	144
14028	144
14031	145
14033	145
14035	145
14037	145
14039	146
14041	146
14043	146
14044	146
14046	146
14048	146
14049	146
14051	146
14053	146
14056	146
14057	147
14059	147
14061	147
14062	147
14065	148
14067	147
14069	148
14071	148
14072	148
14074	148
14076	147
14078	147
14079	147
14082	147
14085	147
14090	147
14092	147
14096	147
14099	147
14102	146
14104	146
14106	146
14106	146
14108	146
14108	146
14111	146
14113	146
14113	146
14116	146
14116	146
14118	146
14121	146
14121	146
14123	146
14123	146
14126	146
14128	146
14131	146
14131	146
14133	146
14133	146
14136	146
14138	146
14138	145
14141	145
14143	145
14146	145
14148	145
14151	145
14153	145
14153	145
14156	143
14158	143
14161	143
14163	143
14166	143
14168	143
14168	142
14171	142
14173	142
14176	142
14178	142
14181	141
14183	141
14183	141
14186	142
14188	141
14191	142
14193	142
14196	142
14198	141
14201	141
14201	141
14203	141
14206	142
14208	141
14208	141
14211	140
14213	140
14216	140
14216	139
14218	139
14221	139
14223	138
14223	138
14226	138
14228	139
14228	139
14231	138
14231	138
14233	138
14236	138
14236	137
14238	137
14238	137
14241	137
14241	136
14243	136
14246	135
14246	134
14248	134
14248	134
14251	134
14253	133
14253	133
14256	133
14256	133
14258	133
14261	133
14261	132
14263	132
14263	130
14266	129
14268	129
14268	129
14271	129
14271	129
14273	129
14276	128
14276	128
14278	129
14278	129
14281	129
14286	126
14286	126
14288	126
14291	126
14291	126
14293	126
14293	126
14296	126
14298	126
14298	126
14301	126
14301	126
14303	126
14306	126
14306	126
14308	126
14308	125
14311	125
14313	125
14313	125
14316	125
14316	125
14318	124
14318	124
14321	124
14323	124
14323	124
14326	123
14326	123
14328	123
14331	123
14331	123
14333	122
14333	122
14336	122
14338	122
14338	122
14341	122
14343	124
14346	124
14346	124
14348	124
14348	124
14351	123
14353	123
14353	123
14356	123
14356	123
14358	123
14361	123
14361	123
14363	123
14363	123
14366	123
14368	123
14368	123
14371	123
14373	124
14373	124
14376	124
14376	124
14378	126
14381	126
14381	125
14383	125
14386	126
14386	126
14388	127
14388	127
14391	126
14393	125
14393	125
14396	124
14398	124
14401	124
14403	124
14406	124
14406	124
14406	124
14406	124
14406	124
14421	124
14421	124
14421	124
14421	124
14421	124
14421	124
14421	125
14421	125
14421	124
14421	124
14437	124
14437	124
14437	124
14437	124
14437	124
14437	124
14437	125
14437	125
14437	126
14437	126
14452	126
14452	126
14452	126
14452	127
14452	128
14452	129
14452	129
14452	128
14452	129
14468	129
14471	129
14471	129
14473	129
14473	129
14476	129
14478	129
14478	129
14481	129
14481	129
14483	128
14486	128
14486	127
14488	127
14488	127
14491	127
14493	127
14493	127
14496	127
14496	127
14498	127
14501	127
14501	127
14503	127
14506	127
14506	127
14508	127
14511	127
14511	125
14513	125
14516	125
14516	125
14518	125
14518	125
14521	124
14523	124
14523	124
14526	123
14526	123
14528	123
14531	123
14531	123
14533	123
14533	123
14536	123
14538	124
14538	123
14541	123
14541	123
14543	122
14546	122
14548	122
14548	122
14551	122
14551	122
14553	123
14556	123
14556	123
14558	123
14558	125
14561	125
14563	125
14566	125
14568	125
14568	125
14571	125
14573	124
14573	124
14576	123
14576	123
14578	124
14581	124
14581	123
14583	123
14583	123
14586	123
14588	123
14588	123
14591	123
14593	123
14593	123
14596	123
14598	123
14598	123
14601	123
14601	123
14603	123
14606	123
14606	123
14608	124
14611	124
14611	124
14613	124
14613	124
14616	124
14616	124
14618	124
14621	124
14621	124
14626	123
14628	123
14628	123
14631	123
14633	123
14633	123
14636	122
14636	122
14638	122
14641	123
14641	123
14643	122
14643	122
14646	122
14648	122
14648	122
14651	122
14651	122
14653	122
14656	123
14656	124
14658	124
14661	124
14661	123
14663	123
14663	123
14666	123
14666	123
14668	123
14671	123
14671	123
14673	123
14676	123
14676	123
14678	123
14681	123
14681	123
14683	122
14686	122
14688	123
14691	123
14693	124
14696	122
14696	122
14698	121
14701	121
14703	121
14706	121
14708	122
14711	122
14713	122
14716	122
14716	122
14718	122
14721	122
14723	122
14726	122
14726	122
14728	122
14731	123
14731	123
14733	123
14736	123
14736	123
14738	123
14741	123
14743	123
14743	123
14746	123
14746	123
14748	123
14751	123
14751	123
14753	123
14756	123
14756	123
14758	123
14761	123
14761	123
14763	123
14763	123
14766	123
14766	123
14768	123
14771	123
14771	123
14773	123
14776	124
14776	124
14778	125
14778	125
14781	125
14783	125
14783	125
14786	126
14786	126
14788	126
14791	125
14793	124
14793	124
14796	124
14796	124
14798	123
14801	123
14801	122
14803	122
14806	122
14806	122
14808	122
14808	122
14811	122
14813	122
14813	122
14816	122
14816	122
14818	121
14821	121
14821	120
14823	119
14823	119
14826	119
14828	119
14828	119
14831	119
14833	119
14833	119
14836	119
14836	119
14838	119
14841	118
14841	118
14843	118
14843	118
14846	118
14848	118
14848	118
14851	118
14853	117
14853	115
14856	115
14856	115
14858	115
14861	115
14861	115
14863	116
14866	116
14866	116
14868	116
14871	116
14871	116
14873	116
14873	116
14876	116
14878	116
14878	117
14881	117
14881	117
14883	117
14883	117
14886	117
14888	117
14888	116
14891	116
14893	116
14893	116
14896	116
14896	115
14898	115
14901	115
14901	115
14903	115
14908	115
14911	115
14911	115
14913	115
14916	115
14918	115
14918	115
14921	115
14923	115
14926	115
14928	115
14928	115
14931	115
14931	115
14933	115
14936	115
14936	115
14938	115
14941	115
14943	114
14943	116
14946	116
14948	116
14951	117
14951	117
14953	118
14953	118
14956	118
14958	118
14958	118
14961	118
14963	118
14963	118
14966	118
14966	118
14968	118
14971	118
14971	119
14973	120
14976	120
14976	120
14978	119
14978	119
14981	119
14983	118
14983	118
14986	118
14986	118
14988	118
14991	118
14991	118
14993	118
14996	118
14996	118
14998	118
14998	119
15001	119
15001	119
15003	119
15006	119
15006	119
15008	120
15011	120
15011	120
15013	120
15016	121
15016	120
15018	120
15021	120
15021	120
15023	120
15026	119
15026	120
15028	120
15028	119
15031	119
15033	119
15033	120
15036	120
15036	120
15038	120
15041	120
15041	121
15043	121
15043	121
15046	121
15048	122
15048	123
15051	123
15051	123
15053	123
15056	123
15056	123
15058	123
15058	123
15061	124
15063	124
15063	124
15066	124
15068	124
15071	127
15071	127
15073	127
15076	127
15076	127
15078	127
15078	127
15081	127
15083	127
15086	127
15086	127
15088	127
15091	126
15091	126
15093	127
15096	127
15096	127
15098	127
15098	127
15101	127
15103	129
15103	129
15106	129
15108	130
15108	129
15111	129
15111	129
15113	129
15116	129
15116	129
15118	129
15118	129
15121	129
15123	129
15123	130
15126	130
15126	129
15128	129
15131	129
15131	129
15133	129
15136	129
15138	129
15141	129
15143	127
15146	127
15148	127
15151	127
15151	127
15153	127
15156	127
15158	127
15161	127
15163	127
15163	127
15166	127
15168	127
15171	127
15171	127
15173	127
15176	126
15178	127
15181	126
15183	126
15186	127
15186	127
15188	127
15191	127
15193	128
15196	128
15198	128
15198	128
15201	128
15203	128
15206	128
15206	128
15208	128
15208	128
15211	128
15213	128
15213	128
15216	128
15218	128
15218	128
15221	128
15221	128
15223	128
15226	129
15226	129
15228	129
15228	129
15231	129
15233	129
15233	129
15236	129
15236	129
15238	129
15241	129
15241	129
15243	129
15243	128
15246	127
15248	127
15248	127
15251	126
15253	126
15256	126
15258	126
15258	126
15261	126
15263	126
15263	126
15266	126
15266	126
15268	126
15268	126
15271	126
15273	126
15273	126
15276	125
15278	126
15278	125
15281	125
15281	125
15283	125
15286	125
15286	124
15288	124
15288	125
15291	125
15293	126
15293	127
15296	127
15296	129
15298	129
15301	129
15301	129
15303	129
15306	129
15306	129
15308	129
15308	129
15311	129
15313	129
15313	129
15316	128
15316	128
15318	128
15321	128
15321	128
15323	128
15326	128
15326	128
15328	128
15331	129
15331	129
15333	129
15336	129
15336	129
15338	129
15341	130
15341	129
15343	129
15343	129
15346	129
15346	128
15348	128
15351	128
15351	128
15353	129
15356	128
15356	129
15358	129
15358	129
15361	129
15363	129
15363	129
15366	129
15368	130
15368	130
15371	130
15373	130
15376	130
15378	130
15378	130
15381	130
15386	130
15388	129
15391	129
15393	130
15396	130
15398	131
15401	131
15401	131
15403	131
15406	131
15408	131
15408	131
15411	131
15413	131
15416	131
15416	131
15418	131
15421	131
15423	131
15426	131
15428	131
15431	131
15433	130
15433	130
15436	130
15438	132
15441	132
15441	132
15443	132
15443	133
15446	133
15448	134
15448	134
15451	134
15453	134
15453	134
15456	135
15456	136
15458	136
15461	136
15461	135
15463	135
15463	135
15466	135
15468	135
15468	135
15471	135
15471	135
15473	136
15476	136
15476	135
15478	134
15481	134
15481	134
15483	134
15486	134
15486	134
15488	134
15491	134
15491	134
15493	134
15496	134
15496	134
15498	134
15498	134
15501	134
15503	134
15503	133
15506	133
15506	133
15508	132
15511	131
15511	131
15513	131
15513	131
15516	131
15518	131
15518	131
15521	129
15521	129
15523	129
15526	129
15526	128
15528	128
15528	128
15531	129
15533	129
15533	129
15536	128
15536	128
15538	128
15541	128
15541	128
15543	127
15546	128
15546	129
15548	129
15551	129
15553	129
15553	130
15556	130
15558	130
15558	130
15561	129
15561	129
15563	129
15566	129
15566	129
15568	129
15568	129
15571	129
15573	129
15573	129
15576	129
15576	129
15578	129
15581	130
15581	130
15583	130
15583	131
15586	131
15586	131
15588	131
15591	131
15591	132
15593	132
15596	132
15596	131
15598	131
15601	131
15603	131
15606	131
15608	133
15611	133
15611	132
15613	132
15616	132
15618	132
15621	132
15621	132
15623	129
15626	128
15628	128
15631	127
15633	127
15633	127
15636	126
15638	126
15638	125
15641	125
15643	125
15646	125
15648	125
15648	125
15651	125
15653	125
15656	125
15658	125
15661	125
15661	124
15663	124
15666	124
15668	122
15671	122
15671	122
15673	122
15673	122
15676	122
15676	122
15678	122
15681	122
15681	122
15683	122
15683	122
15686	122
15688	122
15688	122
15691	122
15693	122
15693	122
15696	123
15698	123
15698	122
15701	122
15703	122
15703	121
15706	121
15706	121
15708	120
15711	119
15711	119
15713	119
15713	119
15716	119
15716	119
15718	119
15721	120
15721	120
15723	120
15726	120
15726	120
15728	120
15731	120
15731	120
15733	119
15733	119
15736	119
15738	119
15738	118
15741	118
15743	118
15743	118
15746	118
15746	116
15748	116
15751	116
15751	116
15753	116
15753	116
15756	116
15756	116
15758	116
15761	116
15763	115
15763	115
15766	115
15768	115
15768	115
15771	115
15771	115
15773	115
15776	115
15776	116
15781	116
15781	116
15783	116
15783	116
15786	116
15788	116
15788	116
15791	116
15791	116
15793	115
15796	115
15796	114
15798	114
15801	114
15801	114
15803	115
15803	115
15806	115
15808	115
15808	115
15811	115
15811	115
15813	115
15816	115
15816	115
15818	116
15818	116
15821	116
15823	116
15823	116
15826	116
15828	117
15828	117
15831	117
15833	118
15836	119
15836	119
15838	118
15841	118
15841	118
15843	118
15843	118
15846	118
15848	118
15848	117
15851	117
15853	117
15853	117
15856	117
15858	117
15858	117
15863	117
15863	117
15866	117
15868	118
15868	118
15871	118
15873	118
15873	118
15876	117
15878	117
15881	118
15881	118
15883	118
15883	119
15886	119
15888	120
15888	120
15891	120
15893	120
15896	120
15898	120
15898	120
15901	120
15903	120
15903	121
15906	121
15906	121
15908	121
15911	121
15911	121
15913	122
15913	122
15916	122
15918	122
15918	122
15921	123
15923	123
15923	123
15926	123
15926	123
15928	123
15928	122
15931	122
15933	122
15933	123
15936	123
15936	123
15938	123
15941	123
15941	123
15943	123
15946	123
15946	123
15948	123
15951	121
15951	121
15953	121
15956	121
15956	121
15958	121
15961	121
15963	121
15963	120
15966	120
15966	120
15968	120
15968	120
15971	120
15973	120
15973	120
15976	120
15978	118
15978	118
15981	118
15981	118
15983	118
15986	118
15986	118
15988	118
15988	118
15991	118
15993	118
15993	118
15996	118
15996	118
15998	118
16001	118
16001	118
16003	117
16006	117
16006	117
16008	117
16008	118
16011	118
16013	118
16013	118
16016	118
16016	118
16018	117
16021	118
16023	118
16023	118
16026	118
16026	119
16028	119
16031	119
16031	118
16033	119
16036	119
16036	119
16038	119
16038	119
16041	119
16043	119
16043	119
16046	119
16046	119
16048	119
16051	119
16051	119
16053	119
16056	118
16058	118
16061	118
16063	118
16066	118
16068	118
16071	118
16073	119
16073	119
16076	120
16078	120
16081	120
16083	120
16086	120
16088	120
16091	119
16091	120
16093	120
16096	120
16098	120
16098	120
16101	120
16103	120
16103	120
16106	119
16108	119
16111	119
16113	120
16116	120
16116	121
16118	121
16121	121
16121	121
16123	122
16126	122
16126	123
16128	123
16131	123
16131	123
16133	123
16136	123
16136	123
16138	123
16138	123
16141	123
16143	123
16143	123
16146	123
16146	122
16148	122
16151	122
16151	122
16153	122
16153	122
16156	122
16158	121
16161	121
16161	121
16163	121
16163	122
16166	122
16168	122
16168	122
16171	122
16171	122
16173	122
16176	122
16178	123
16178	123
16181	123
16183	123
16183	123
16186	123
16186	123
16188	123
16191	125
16191	125
16193	125
16196	125
16196	124
16198	124
16198	123
16201	123
16203	123
16203	123
16206	123
16206	123
16208	123
16211	123
16211	123
16213	122
16213	122
16216	122
16218	122
16221	122
16221	122
16223	122
16223	122
16226	122
16228	123
16228	123
16231	123
16233	123
16233	123
16236	124
16236	124
16238	124
16241	125
16241	125
16243	125
16246	125
16246	125
16248	125
16248	125
16251	125
16253	124
16253	125
16256	125
16256	125
16258	125
16261	125
16261	125
16263	125
16263	125
16266	125
16268	125
16268	126
16271	126
16271	126
16273	125
16276	125
16278	125
16278	124
16281	123
16281	123
16283	122
16286	122
16286	121
16288	121
16291	122
16291	122
16293	122
16296	122
16296	121
16298	121
16301	121
16301	121
16303	121
16306	121
16308	121
16308	121
16311	121
16313	121
16318	122
16321	123
16323	123
16323	123
16326	124
16328	125
16331	125
16333	125
16336	126
16336	125
16338	125
16341	123
16343	123
16343	123
16348	123
16348	121
16351	121
16351	121
16353	121
16356	121
16356	121
16358	121
16361	121
16363	121
16366	121
16368	121
16368	121
16371	121
16371	120
16373	120
16376	120
16376	120
16378	120
16378	121
16381	121
16381	121
16383	121
16386	121
16386	121
16388	121
16388	121
16391	122
16393	122
16393	122
16396	122
16396	121
16398	121
16398	121
16401	121
16403	121
16406	121
16406	122
16408	122
16408	122
16411	122
16413	122
16413	122
16416	123
16416	123
16418	124
16421	124
16421	124
16423	124
16426	124
16426	123
16428	123
16431	124
16433	124
16433	124
16436	124
16436	124
16438	124
16441	124
16441	124
16443	124
16446	124
16446	123
16448	123
16448	123
16451	123
16451	123
16453	123
16456	123
16456	123
16458	123
16458	123
16461	123
16463	123
16466	123
16466	123
16468	123
16468	124
16471	124
16473	124
16476	124
16476	124
16478	124
16481	124
16481	124
16483	123
16486	123
16486	124
16488	124
16488	124
16491	123
16491	123
16493	123
16496	123
16496	123
16498	124
16498	124
16501	124
16503	123
16503	122
16506	120
16508	120
16508	120
16511	120
16511	120
16513	120
16513	120
16516	120
16518	120
16521	120
16521	120
16523	119
16526	119
16526	119
16528	119
16528	119
16531	118
16533	118
16536	118
16536	118
16538	118
16541	119
16543	119
16546	119
16548	119
16551	118
16553	118
16556	118
16556	118
16558	118
16561	118
16563	118
16566	118
16566	118
16568	118
16571	118
16571	119
16573	119
16576	119
16576	119
16578	119
16578	119
16581	119
16583	118
16586	119
16586	119
16588	119
16591	118
16593	118
16593	118
16596	118
16598	118
16601	118
16603	118
16603	118
16606	118
16608	118
16608	118
16611	119
16611	119
16613	119
16616	119
16616	118
16618	118
16618	118
16621	118
16623	118
16623	118
16626	118
16628	118
16628	118
16631	118
16631	118
16633	118
16636	118
16636	118
16638	118
16641	118
16641	118
16643	118
16643	118
16646	118
16648	118
16648	118
16651	118
16653	119
16653	118
16656	118
16656	119
16658	119
16661	119
16661	119
16663	119
16666	119
16666	119
16668	119
16668	119
16671	119
16671	119
16673	119
16676	119
16676	119
16678	119
16678	118
16681	118
16683	118
16683	117
16686	116
16686	118
16691	118
16691	118
16693	118
16693	118
16696	118
16698	118
16698	118
16701	119
16701	119
16703	120
16706	120
16706	120
16708	120
16711	120
16711	120
16713	120
16713	120
16716	120
16718	120
16718	120
16721	120
16721	120
16723	120
16726	120
16726	120
16728	120
16728	120
16731	120
16733	119
16733	119
16736	119
16738	119
16738	120
16741	120
16741	121
16743	121
16746	121
16746	121
16748	121
16748	121
16751	121
16753	120
16756	120
16756	121
16758	121
16758	121
16761	121
16763	121
16766	121
16768	121
16768	121
16771	121
16773	120
16773	120
16776	120
16778	120
16783	120
16786	120
16788	121
16791	121
16793	121
16793	121
16796	121
16798	121
16798	120
16801	121
16803	121
16806	121
16806	121
16808	121
16811	121
16813	121
16813	121
16816	121
16818	121
16818	121
16821	121
16823	121
16823	121
16826	121
16826	121
16828	121
16831	121
16831	121
16833	121
16836	121
16836	121
16838	121
16838	123
16841	122
16843	122
16846	121
16846	121
16848	121
16848	122
16851	122
16851	122
16853	122
16856	122
16856	122
16858	122
16858	121
16861	121
16863	122
16863	121
16866	121
16866	121
16868	121
16871	121
16871	121
16873	120
16876	121
16876	121
16878	121
16878	121
16881	121
16883	121
16883	121
16886	121
16888	121
16888	121
16891	121
16891	121
16893	121
16896	121
16896	121
16898	121
16898	121
16901	121
16903	121
16903	121
16906	121
16908	121
16908	121
16911	121
16911	121
16913	120
16916	120
16918	120
16918	120
16921	120
16921	120
16923	121
16926	120
16926	120
16928	121
16928	120
16931	119
16933	119
16936	119
16938	119
16941	119
16941	120
16943	118
16943	118
16946	119
16948	119
16948	119
16951	118
16951	118
16953	118
16956	118
16956	118
16958	118
16958	119
16961	118
16963	119
16963	119
16966	119
16966	120
16968	120
16971	120
16971	120
16973	120
16973	120
16976	120
16978	120
16978	120
16981	120
16981	120
16983	120
16986	120
16986	120
16988	120
16988	120
16991	120
16993	120
16996	120
16998	120
17001	120
17003	120
17006	120
17008	120
17011	121
17013	121
17013	121
17016	121
17018	120
17021	120
17023	120
17023	120
17026	119
17028	119
17031	119
17031	119
17033	119
17036	119
17038	119
17041	119
17041	119
17043	119
17046	119
17046	119
17048	119
17051	120
17053	120
17056	121
17056	121
17058	121
17061	121
17061	121
17063	121
17066	121
17066	120
17068	120
17071	120
17071	120
17073	120
17073	120
17076	122
17078	122
17078	122
17081	122
17083	122
17086	122
17088	122
17091	122
17093	122
17096	122
17098	122
17098	122
17101	122
17101	122
17103	122
17106	122
17106	122
17108	122
17111	122
17111	122
17113	122
17116	120
17116	120
17118	120
17121	119
17121	119
17123	119
17126	118
17126	118
17128	119
17131	119
17131	119
17133	119
17136	119
17136	119
17138	119
17138	119
17141	119
17143	119
17143	119
17146	118
17146	118
17148	118
17148	118
17151	118
17153	118
17153	118
17156	118
17156	119
17158	119
17161	118
17161	118
17166	118
17166	119
17168	119
17168	119
17171	119
17173	119
17173	120
17176	120
17176	120
17178	120
17181	120
17181	120
17183	120
17183	120
17186	119
17186	119
17188	119
17191	119
17191	120
17193	120
17196	121
17196	121
17198	121
17198	121
17201	121
17201	121
17203	121
17206	121
17206	122
17208	122
17211	121
17211	121
17213	120
17213	120
17216	120
17218	120
17218	120
17221	120
17223	120
17226	120
17228	119
17231	119
17231	119
17233	119
17236	119
17238	120
17241	120
17243	118
17246	118
17248	118
17248	118
17251	118
17253	118
17256	118
17256	118
17258	118
17261	119
17261	119
17263	119
17266	119
17268	119
17271	119
17271	119
17273	119
17276	120
17276	119
17278	119
17281	119
17283	119
17283	119
17286	119
17288	119
17288	119
17291	119
17293	119
17293	119
17296	120
17296	120
17298	120
17301	120
17301	121
17303	121
17303	121
17306	121
17308	122
17308	123
17311	124
17311	124
17313	124
17316	124
17316	124
17318	124
17321	127
17321	127
17323	127
17323	126
17326	126
17328	127
17328	127
17331	127
17331	127
17333	127
17336	127
17336	127
17338	127
17341	127
17341	127
17343	127
17346	127
17346	127
17348	126
17348	126
17351	126
17351	126
17353	126
17356	126
17356	126
17358	127
17358	127
17361	127
17363	127
17363	126
17366	126
17366	126
17368	125
17371	124
17371	123
17373	122
17373	122
17376	122
17378	121
17378	121
17381	122
17381	123
17383	122
17386	123
17386	122
17388	122
17391	122
17391	122
17393	122
17393	122
17396	122
17398	122
17398	122
17401	121
17401	120
17403	121
17406	121
17406	121
17408	121
17408	121
17411	121
17413	121
17413	121
17416	121
17416	121
17418	121
17421	120
17421	120
17423	120
17423	120
17426	120
17428	120
17428	120
17431	120
17433	120
17433	120
17436	120
